0 679 281 715 365 0 1 0 0 "person"
0 679 281 715 364 1 1 0 1 "person"
0 679 281 715 364 2 1 0 1 "person"
0 679 281 715 364 3 1 0 1 "person"
0 679 281 715 364 4 1 0 1 "person"
0 679 281 715 364 5 1 0 1 "person"
0 679 281 715 364 6 1 0 1 "person"
0 679 281 715 364 7 1 0 1 "person"
0 679 281 715 364 8 1 0 1 "person"
0 679 281 715 364 9 1 0 1 "person"
0 679 281 715 364 10 1 0 1 "person"
0 679 281 715 364 11 1 0 1 "person"
0 679 281 715 364 12 1 0 1 "person"
0 679 281 715 364 13 1 0 1 "person"
0 679 281 715 364 14 1 0 1 "person"
0 679 281 715 364 15 1 0 1 "person"
0 679 281 715 364 16 1 0 1 "person"
0 679 281 715 364 17 1 0 1 "person"
0 679 281 715 364 18 1 0 1 "person"
0 679 281 715 364 19 1 0 1 "person"
0 679 281 715 364 20 1 0 1 "person"
0 679 281 715 364 21 1 0 1 "person"
0 679 281 715 364 22 1 0 1 "person"
0 679 281 715 364 23 1 0 1 "person"
0 679 281 715 364 24 1 0 1 "person"
0 679 281 715 364 25 1 0 1 "person"
0 679 281 716 364 26 1 0 1 "person"
0 679 281 716 364 27 1 0 1 "person"
0 679 281 716 364 28 1 0 1 "person"
0 679 281 716 364 29 1 0 1 "person"
0 679 281 716 364 30 1 0 1 "person"
0 679 281 716 364 31 1 0 1 "person"
0 679 281 716 364 32 1 0 1 "person"
0 679 281 716 364 33 1 0 1 "person"
0 679 281 716 364 34 1 0 1 "person"
0 679 281 716 364 35 1 0 1 "person"
0 679 281 716 364 36 1 0 1 "person"
0 679 281 716 364 37 1 0 1 "person"
0 679 281 716 364 38 1 0 1 "person"
0 679 281 716 364 39 1 0 1 "person"
0 679 281 716 364 40 1 0 1 "person"
0 679 281 716 364 41 1 0 1 "person"
0 679 281 716 364 42 1 0 1 "person"
0 679 281 716 364 43 1 0 1 "person"
0 679 281 716 364 44 1 0 1 "person"
0 679 281 716 364 45 1 0 1 "person"
0 679 281 716 364 46 1 0 1 "person"
0 679 281 716 364 47 1 0 1 "person"
0 679 281 716 364 48 1 0 1 "person"
0 679 281 716 364 49 1 0 1 "person"
0 679 281 716 364 50 1 0 1 "person"
0 679 281 717 364 51 1 0 1 "person"
0 679 281 717 364 52 1 0 1 "person"
0 679 281 717 364 53 1 0 1 "person"
0 679 281 717 364 54 1 0 1 "person"
0 679 281 717 364 55 1 0 1 "person"
0 679 281 717 364 56 1 0 1 "person"
0 679 281 717 364 57 1 0 1 "person"
0 679 281 717 364 58 1 0 1 "person"
0 679 281 717 364 59 1 0 1 "person"
0 679 281 717 364 60 1 0 1 "person"
0 679 281 717 364 61 1 0 1 "person"
0 679 281 717 364 62 1 0 1 "person"
0 679 281 717 364 63 1 0 1 "person"
0 679 281 717 364 64 1 0 1 "person"
0 679 281 717 364 65 1 0 1 "person"
0 679 281 717 364 66 1 0 1 "person"
0 679 281 717 364 67 1 0 1 "person"
0 679 281 717 364 68 1 0 1 "person"
0 679 281 717 364 69 1 0 1 "person"
0 679 281 717 364 70 1 0 1 "person"
0 679 281 717 364 71 1 0 1 "person"
0 679 281 717 364 72 1 0 1 "person"
0 679 281 717 364 73 1 0 1 "person"
0 679 281 717 364 74 1 0 1 "person"
0 679 281 717 364 75 1 0 1 "person"
0 679 281 717 364 76 1 0 1 "person"
0 679 281 718 364 77 1 0 1 "person"
0 679 281 718 364 78 1 0 1 "person"
0 679 281 718 364 79 1 0 1 "person"
0 679 281 718 364 80 1 0 1 "person"
0 679 281 718 364 81 1 0 1 "person"
0 679 281 718 364 82 1 0 1 "person"
0 679 281 718 364 83 1 0 1 "person"
0 679 281 718 364 84 1 0 1 "person"
0 679 281 718 364 85 1 0 1 "person"
0 679 281 718 364 86 1 0 1 "person"
0 679 281 718 364 87 1 0 1 "person"
0 679 281 718 364 88 1 0 1 "person"
0 679 281 718 364 89 1 0 1 "person"
0 679 281 718 364 90 1 0 1 "person"
0 679 281 718 364 91 1 0 1 "person"
0 679 281 718 364 92 1 0 1 "person"
0 679 281 718 364 93 1 0 1 "person"
0 679 281 718 364 94 1 0 1 "person"
0 679 281 718 364 95 1 0 1 "person"
0 679 281 718 364 96 1 0 1 "person"
0 679 281 718 364 97 1 0 1 "person"
0 679 281 718 364 98 1 0 1 "person"
0 679 281 718 364 99 1 0 1 "person"
0 679 281 718 364 100 1 0 1 "person"
0 679 281 718 364 101 1 0 1 "person"
0 679 281 719 364 102 0 0 0 "person"
0 678 280 717 363 103 0 0 1 "person"
0 677 280 715 363 104 0 0 1 "person"
0 677 280 713 363 105 0 0 1 "person"
0 676 280 712 362 106 0 0 1 "person"
0 675 280 710 362 107 0 0 1 "person"
0 675 279 708 362 108 0 0 1 "person"
0 674 279 706 362 109 0 0 1 "person"
0 673 279 705 361 110 0 0 1 "person"
0 673 279 703 361 111 0 0 1 "person"
0 672 279 701 361 112 0 0 1 "person"
0 672 279 700 361 113 0 0 0 "person"
0 670 278 698 360 114 0 0 1 "person"
0 668 278 696 360 115 0 0 1 "person"
0 666 278 694 360 116 0 0 1 "person"
0 664 278 692 360 117 0 0 1 "person"
0 662 278 691 360 118 0 0 1 "person"
0 660 277 689 359 119 0 0 1 "person"
0 658 277 687 359 120 0 0 1 "person"
0 656 277 685 359 121 0 0 1 "person"
0 654 277 684 359 122 0 0 1 "person"
0 652 277 682 359 123 0 0 1 "person"
0 650 277 680 359 124 0 0 1 "person"
0 648 276 678 358 125 0 0 1 "person"
0 646 276 676 358 126 0 0 1 "person"
0 644 276 675 358 127 0 0 1 "person"
0 642 276 673 358 128 0 0 1 "person"
0 640 276 671 358 129 0 0 1 "person"
0 638 275 669 357 130 0 0 1 "person"
0 636 275 668 357 131 0 0 1 "person"
0 634 275 666 357 132 0 0 1 "person"
0 632 275 664 357 133 0 0 1 "person"
0 630 275 662 357 134 0 0 1 "person"
0 629 275 661 357 135 0 0 0 "person"
0 627 274 659 356 136 0 0 1 "person"
0 626 274 658 356 137 0 0 1 "person"
0 625 274 657 356 138 0 0 1 "person"
0 624 274 656 355 139 0 0 1 "person"
0 623 274 655 355 140 0 0 1 "person"
0 622 273 654 355 141 0 0 1 "person"
0 621 273 653 354 142 0 0 1 "person"
0 619 273 652 354 143 0 0 1 "person"
0 618 273 651 354 144 0 0 1 "person"
0 617 273 650 353 145 0 0 1 "person"
0 616 272 649 353 146 0 0 1 "person"
0 615 272 648 353 147 0 0 1 "person"
0 614 272 647 352 148 0 0 1 "person"
0 613 272 646 352 149 0 0 1 "person"
0 612 272 645 352 150 0 0 0 "person"
0 610 272 643 352 151 0 0 1 "person"
0 609 272 642 352 152 0 0 1 "person"
0 607 272 640 352 153 0 0 1 "person"
0 606 272 639 352 154 0 0 1 "person"
0 605 272 637 352 155 0 0 1 "person"
0 603 272 636 352 156 0 0 1 "person"
0 602 272 635 352 157 0 0 1 "person"
0 601 272 633 352 158 0 0 1 "person"
0 599 273 632 352 159 0 0 1 "person"
0 598 273 630 352 160 0 0 1 "person"
0 597 273 629 352 161 0 0 1 "person"
0 595 273 627 352 162 0 0 1 "person"
0 594 273 626 352 163 0 0 1 "person"
0 593 273 625 352 164 0 0 1 "person"
0 591 273 623 352 165 0 0 1 "person"
0 590 273 622 352 166 0 0 1 "person"
0 589 273 620 352 167 0 0 1 "person"
0 587 274 619 352 168 0 0 1 "person"
0 586 274 617 352 169 0 0 1 "person"
0 585 274 616 352 170 0 0 1 "person"
0 583 274 615 352 171 0 0 1 "person"
0 582 274 613 352 172 0 0 1 "person"
0 581 274 612 352 173 0 0 1 "person"
0 579 274 610 352 174 0 0 1 "person"
0 578 274 609 352 175 0 0 1 "person"
0 577 275 608 352 176 0 0 0 "person"
0 576 274 608 352 177 0 0 1 "person"
0 576 274 608 352 178 0 0 1 "person"
0 576 274 608 352 179 0 0 1 "person"
0 575 274 608 352 180 0 0 1 "person"
0 575 274 608 352 181 0 0 1 "person"
0 575 274 608 352 182 0 0 1 "person"
0 574 273 608 352 183 0 0 1 "person"
0 574 273 608 352 184 0 0 1 "person"
0 574 273 608 352 185 0 0 1 "person"
0 573 273 608 352 186 0 0 1 "person"
0 573 273 608 352 187 0 0 1 "person"
0 573 273 608 353 188 0 0 0 "person"
0 572 273 607 352 189 0 0 1 "person"
0 572 273 607 352 190 0 0 1 "person"
0 572 273 607 352 191 0 0 1 "person"
0 572 273 607 352 192 0 0 1 "person"
0 572 273 607 352 193 0 0 1 "person"
0 572 273 607 352 194 0 0 1 "person"
0 572 273 607 352 195 0 0 1 "person"
0 572 273 607 352 196 0 0 1 "person"
0 572 273 607 352 197 0 0 1 "person"
0 572 273 606 352 198 0 0 1 "person"
0 572 273 606 352 199 0 0 1 "person"
0 572 273 606 352 200 0 0 1 "person"
0 572 273 606 352 201 0 0 1 "person"
0 572 273 606 352 202 0 0 1 "person"
0 572 273 606 352 203 0 0 1 "person"
0 572 273 606 352 204 0 0 1 "person"
0 572 273 606 352 205 0 0 1 "person"
0 572 273 606 352 206 0 0 1 "person"
0 572 273 606 352 207 0 0 1 "person"
0 571 273 605 352 208 0 0 1 "person"
0 571 273 605 352 209 0 0 1 "person"
0 571 273 605 352 210 0 0 1 "person"
0 571 273 605 352 211 0 0 1 "person"
0 571 273 605 352 212 0 0 1 "person"
0 571 273 605 352 213 0 0 1 "person"
0 571 273 605 352 214 0 0 1 "person"
0 571 273 605 352 215 0 0 1 "person"
0 571 273 605 352 216 0 0 1 "person"
0 571 273 604 352 217 0 0 1 "person"
0 571 273 604 352 218 0 0 1 "person"
0 571 273 604 352 219 0 0 1 "person"
0 571 273 604 352 220 0 0 1 "person"
0 571 273 604 352 221 0 0 1 "person"
0 571 273 604 351 222 0 0 1 "person"
0 571 273 604 351 223 0 0 1 "person"
0 571 273 604 351 224 0 0 1 "person"
0 571 273 604 351 225 0 0 1 "person"
0 571 273 604 351 226 0 0 1 "person"
0 570 273 603 351 227 0 0 1 "person"
0 570 273 603 351 228 0 0 1 "person"
0 570 273 603 351 229 0 0 1 "person"
0 570 273 603 351 230 0 0 1 "person"
0 570 273 603 351 231 0 0 1 "person"
0 570 273 603 351 232 0 0 1 "person"
0 570 273 603 351 233 0 0 1 "person"
0 570 273 603 351 234 0 0 1 "person"
0 570 273 603 351 235 0 0 1 "person"
0 570 273 602 351 236 0 0 1 "person"
0 570 273 602 351 237 0 0 1 "person"
0 570 273 602 351 238 0 0 1 "person"
0 570 273 602 351 239 0 0 1 "person"
0 570 273 602 351 240 0 0 1 "person"
0 570 273 602 351 241 0 0 1 "person"
0 570 273 602 351 242 0 0 1 "person"
0 570 273 602 351 243 0 0 1 "person"
0 570 273 602 351 244 0 0 1 "person"
0 570 273 602 351 245 0 0 1 "person"
0 569 273 601 351 246 0 0 1 "person"
0 569 273 601 351 247 0 0 1 "person"
0 569 273 601 351 248 0 0 1 "person"
0 569 273 601 351 249 0 0 1 "person"
0 569 273 601 351 250 0 0 1 "person"
0 569 273 601 351 251 0 0 1 "person"
0 569 273 601 351 252 0 0 1 "person"
0 569 273 601 351 253 0 0 1 "person"
0 569 273 601 351 254 0 0 1 "person"
0 569 273 600 350 255 0 0 1 "person"
0 569 273 600 350 256 0 0 1 "person"
0 569 273 600 350 257 0 0 1 "person"
0 569 273 600 350 258 0 0 1 "person"
0 569 273 600 350 259 0 0 1 "person"
0 569 273 600 350 260 0 0 1 "person"
0 569 273 600 350 261 0 0 1 "person"
0 569 273 600 350 262 0 0 1 "person"
0 569 273 600 350 263 0 0 1 "person"
0 569 273 600 350 264 0 0 1 "person"
0 568 273 599 350 265 0 0 1 "person"
0 568 273 599 350 266 0 0 1 "person"
0 568 273 599 350 267 0 0 1 "person"
0 568 273 599 350 268 0 0 1 "person"
0 568 273 599 350 269 0 0 1 "person"
0 568 273 599 350 270 0 0 1 "person"
0 568 273 599 350 271 0 0 1 "person"
0 568 273 599 350 272 0 0 1 "person"
0 568 273 599 350 273 0 0 1 "person"
0 568 273 598 350 274 0 0 1 "person"
0 568 273 598 350 275 0 0 1 "person"
0 568 273 598 350 276 0 0 1 "person"
0 568 273 598 350 277 0 0 1 "person"
0 568 273 598 350 278 0 0 1 "person"
0 568 273 598 350 279 0 0 1 "person"
0 568 273 598 350 280 0 0 1 "person"
0 568 273 598 350 281 0 0 1 "person"
0 568 273 598 350 282 0 0 1 "person"
0 568 273 598 350 283 0 0 1 "person"
0 567 273 597 350 284 0 0 1 "person"
0 567 273 597 350 285 0 0 1 "person"
0 567 273 597 350 286 0 0 1 "person"
0 567 273 597 350 287 0 0 1 "person"
0 567 273 597 349 288 0 0 1 "person"
0 567 273 597 349 289 0 0 1 "person"
0 567 273 597 349 290 0 0 1 "person"
0 567 273 597 349 291 0 0 1 "person"
0 567 273 597 349 292 0 0 1 "person"
0 567 273 596 349 293 0 0 1 "person"
0 567 273 596 349 294 0 0 1 "person"
0 567 273 596 349 295 0 0 1 "person"
0 567 273 596 349 296 0 0 1 "person"
0 567 273 596 349 297 0 0 1 "person"
0 567 273 596 349 298 0 0 1 "person"
0 567 273 596 349 299 0 0 1 "person"
0 567 273 596 349 300 0 0 1 "person"
0 567 273 596 349 301 0 0 1 "person"
0 567 273 596 349 302 0 0 1 "person"
0 566 273 595 349 303 0 0 1 "person"
0 566 273 595 349 304 0 0 1 "person"
0 566 273 595 349 305 0 0 1 "person"
0 566 273 595 349 306 0 0 1 "person"
0 566 273 595 349 307 0 0 1 "person"
0 566 273 595 349 308 0 0 1 "person"
0 566 273 595 349 309 0 0 1 "person"
0 566 273 595 349 310 0 0 1 "person"
0 566 273 595 349 311 0 0 1 "person"
0 566 273 594 349 312 0 0 1 "person"
0 566 273 594 349 313 0 0 1 "person"
0 566 273 594 349 314 0 0 1 "person"
0 566 273 594 349 315 0 0 1 "person"
0 566 273 594 349 316 0 0 1 "person"
0 566 273 594 349 317 0 0 1 "person"
0 566 273 594 349 318 0 0 1 "person"
0 566 273 594 349 319 0 0 1 "person"
0 566 273 594 349 320 0 0 1 "person"
0 566 273 594 349 321 0 0 0 "person"
1 671 302 717 379 0 1 0 0 "person"
1 671 302 716 379 1 1 0 1 "person"
1 671 302 716 379 2 1 0 1 "person"
1 671 302 716 379 3 1 0 1 "person"
1 671 302 716 379 4 1 0 1 "person"
1 671 302 716 379 5 1 0 1 "person"
1 671 302 716 379 6 1 0 1 "person"
1 672 302 716 379 7 1 0 1 "person"
1 672 302 716 379 8 1 0 1 "person"
1 672 302 716 379 9 1 0 1 "person"
1 672 302 716 379 10 1 0 1 "person"
1 672 302 716 379 11 1 0 1 "person"
1 672 302 716 379 12 1 0 1 "person"
1 673 302 716 379 13 1 0 1 "person"
1 673 302 716 380 14 1 0 1 "person"
1 673 302 716 380 15 1 0 1 "person"
1 673 302 716 380 16 1 0 1 "person"
1 673 302 716 380 17 1 0 1 "person"
1 673 302 716 380 18 1 0 1 "person"
1 674 303 716 380 19 1 0 1 "person"
1 674 303 716 380 20 1 0 1 "person"
1 674 303 716 380 21 1 0 1 "person"
1 674 303 716 380 22 1 0 1 "person"
1 674 303 716 380 23 1 0 1 "person"
1 674 303 716 380 24 1 0 1 "person"
1 675 303 716 380 25 1 0 1 "person"
1 675 303 716 380 26 1 0 1 "person"
1 675 303 716 380 27 1 0 1 "person"
1 675 303 716 381 28 1 0 1 "person"
1 675 303 715 381 29 1 0 1 "person"
1 675 303 715 381 30 1 0 1 "person"
1 675 303 715 381 31 1 0 1 "person"
1 676 303 715 381 32 1 0 1 "person"
1 676 303 715 381 33 1 0 1 "person"
1 676 303 715 381 34 1 0 1 "person"
1 676 303 715 381 35 1 0 1 "person"
1 676 303 715 381 36 1 0 1 "person"
1 676 303 715 381 37 1 0 1 "person"
1 677 304 715 381 38 1 0 1 "person"
1 677 304 715 381 39 1 0 1 "person"
1 677 304 715 381 40 1 0 1 "person"
1 677 304 715 381 41 1 0 1 "person"
1 677 304 715 382 42 1 0 1 "person"
1 677 304 715 382 43 1 0 1 "person"
1 678 304 715 382 44 1 0 1 "person"
1 678 304 715 382 45 1 0 1 "person"
1 678 304 715 382 46 1 0 1 "person"
1 678 304 715 382 47 1 0 1 "person"
1 678 304 715 382 48 1 0 1 "person"
1 678 304 715 382 49 1 0 1 "person"
1 679 304 715 382 50 1 0 1 "person"
1 679 304 715 382 51 1 0 1 "person"
1 679 304 715 382 52 1 0 1 "person"
1 679 304 715 382 53 1 0 1 "person"
1 679 304 715 382 54 1 0 1 "person"
1 679 304 715 382 55 1 0 1 "person"
1 680 305 715 383 56 0 0 0 "person"
1 678 304 713 382 57 0 0 1 "person"
1 676 304 711 382 58 0 0 1 "person"
1 675 304 710 382 59 0 0 1 "person"
1 673 304 708 382 60 0 0 1 "person"
1 672 304 707 382 61 0 0 1 "person"
1 670 304 705 381 62 0 0 1 "person"
1 668 303 703 381 63 0 0 1 "person"
1 667 303 702 381 64 0 0 1 "person"
1 665 303 700 381 65 0 0 1 "person"
1 664 303 699 381 66 0 0 1 "person"
1 662 303 697 380 67 0 0 1 "person"
1 661 303 695 380 68 0 0 1 "person"
1 659 302 694 380 69 0 0 1 "person"
1 657 302 692 380 70 0 0 1 "person"
1 656 302 691 380 71 0 0 1 "person"
1 654 302 689 380 72 0 0 1 "person"
1 653 302 688 379 73 0 0 1 "person"
1 651 302 686 379 74 0 0 1 "person"
1 649 301 684 379 75 0 0 1 "person"
1 648 301 683 379 76 0 0 1 "person"
1 646 301 681 379 77 0 0 1 "person"
1 645 301 680 378 78 0 0 1 "person"
1 643 301 678 378 79 0 0 1 "person"
1 642 301 676 378 80 0 0 1 "person"
1 640 300 675 378 81 0 0 1 "person"
1 638 300 673 378 82 0 0 1 "person"
1 637 300 672 378 83 0 0 1 "person"
1 635 300 670 377 84 0 0 1 "person"
1 634 300 669 377 85 0 0 1 "person"
1 632 300 667 377 86 0 0 1 "person"
1 630 299 665 377 87 0 0 1 "person"
1 629 299 664 377 88 0 0 1 "person"
1 627 299 662 376 89 0 0 1 "person"
1 626 299 661 376 90 0 0 1 "person"
1 624 299 659 376 91 0 0 1 "person"
1 623 299 657 376 92 0 0 1 "person"
1 621 298 656 376 93 0 0 1 "person"
1 619 298 654 375 94 0 0 1 "person"
1 618 298 653 375 95 0 0 1 "person"
1 616 298 651 375 96 0 0 1 "person"
1 615 298 650 375 97 0 0 1 "person"
1 613 298 648 375 98 0 0 1 "person"
1 612 298 646 375 99 0 0 1 "person"
1 610 297 645 374 100 0 0 1 "person"
1 608 297 643 374 101 0 0 1 "person"
1 607 297 642 374 102 0 0 1 "person"
1 605 297 640 374 103 0 0 1 "person"
1 604 297 638 374 104 0 0 1 "person"
1 602 297 637 373 105 0 0 1 "person"
1 600 296 635 373 106 0 0 1 "person"
1 599 296 634 373 107 0 0 1 "person"
1 597 296 632 373 108 0 0 1 "person"
1 596 296 631 373 109 0 0 1 "person"
1 594 296 629 373 110 0 0 1 "person"
1 593 296 627 372 111 0 0 1 "person"
1 591 295 626 372 112 0 0 1 "person"
1 589 295 624 372 113 0 0 1 "person"
1 588 295 623 372 114 0 0 1 "person"
1 586 295 621 372 115 0 0 1 "person"
1 585 295 619 371 116 0 0 1 "person"
1 583 295 618 371 117 0 0 1 "person"
1 581 294 616 371 118 0 0 1 "person"
1 580 294 615 371 119 0 0 1 "person"
1 578 294 613 371 120 0 0 1 "person"
1 577 294 611 370 121 0 0 1 "person"
1 575 294 610 370 122 0 0 1 "person"
1 574 294 608 370 123 0 0 1 "person"
1 572 293 607 370 124 0 0 1 "person"
1 570 293 605 370 125 0 0 1 "person"
1 569 293 604 370 126 0 0 1 "person"
1 567 293 602 369 127 0 0 1 "person"
1 566 293 600 369 128 0 0 1 "person"
1 564 293 599 369 129 0 0 1 "person"
1 562 292 597 369 130 0 0 1 "person"
1 561 292 596 369 131 0 0 1 "person"
1 559 292 594 368 132 0 0 1 "person"
1 558 292 592 368 133 0 0 1 "person"
1 556 292 591 368 134 0 0 1 "person"
1 555 292 589 368 135 0 0 1 "person"
1 553 292 588 368 136 0 0 1 "person"
1 551 291 586 368 137 0 0 1 "person"
1 550 291 585 367 138 0 0 1 "person"
1 548 291 583 367 139 0 0 1 "person"
1 547 291 581 367 140 0 0 1 "person"
1 545 291 580 367 141 0 0 1 "person"
1 544 291 578 367 142 0 0 1 "person"
1 542 290 577 366 143 0 0 1 "person"
1 540 290 575 366 144 0 0 1 "person"
1 539 290 573 366 145 0 0 1 "person"
1 537 290 572 366 146 0 0 1 "person"
1 536 290 570 366 147 0 0 1 "person"
1 534 290 569 365 148 0 0 1 "person"
1 532 289 567 365 149 0 0 1 "person"
1 531 289 566 365 150 0 0 1 "person"
1 529 289 564 365 151 0 0 1 "person"
1 528 289 562 365 152 0 0 1 "person"
1 526 289 561 365 153 0 0 1 "person"
1 525 289 559 364 154 0 0 1 "person"
1 523 288 558 364 155 0 0 1 "person"
1 521 288 556 364 156 0 0 1 "person"
1 520 288 554 364 157 0 0 1 "person"
1 518 288 553 364 158 0 0 1 "person"
1 517 288 551 363 159 0 0 1 "person"
1 515 288 550 363 160 0 0 1 "person"
1 513 287 548 363 161 0 0 1 "person"
1 512 287 547 363 162 0 0 1 "person"
1 510 287 545 363 163 0 0 1 "person"
1 509 287 543 363 164 0 0 1 "person"
1 507 287 542 362 165 0 0 1 "person"
1 506 287 540 362 166 0 0 1 "person"
1 504 286 539 362 167 0 0 1 "person"
1 502 286 537 362 168 0 0 1 "person"
1 501 286 535 362 169 0 0 1 "person"
1 499 286 534 361 170 0 0 1 "person"
1 498 286 532 361 171 0 0 1 "person"
1 496 286 531 361 172 0 0 1 "person"
1 495 286 529 361 173 0 0 1 "person"
1 493 285 527 361 174 0 0 1 "person"
1 491 285 526 360 175 0 0 1 "person"
1 490 285 524 360 176 0 0 1 "person"
1 488 285 523 360 177 0 0 1 "person"
1 487 285 521 360 178 0 0 1 "person"
1 485 285 520 360 179 0 0 1 "person"
1 483 284 518 360 180 0 0 1 "person"
1 482 284 516 359 181 0 0 1 "person"
1 480 284 515 359 182 0 0 1 "person"
1 479 284 513 359 183 0 0 1 "person"
1 477 284 512 359 184 0 0 1 "person"
1 476 284 510 359 185 0 0 1 "person"
1 474 283 508 358 186 0 0 1 "person"
1 472 283 507 358 187 0 0 1 "person"
1 471 283 505 358 188 0 0 1 "person"
1 469 283 504 358 189 0 0 1 "person"
1 468 283 502 358 190 0 0 1 "person"
1 466 283 501 358 191 0 0 1 "person"
1 464 282 499 357 192 0 0 1 "person"
1 463 282 497 357 193 0 0 1 "person"
1 461 282 496 357 194 0 0 1 "person"
1 460 282 494 357 195 0 0 1 "person"
1 458 282 493 357 196 0 0 1 "person"
1 457 282 491 356 197 0 0 1 "person"
1 455 281 489 356 198 0 0 1 "person"
1 453 281 488 356 199 0 0 1 "person"
1 452 281 486 356 200 0 0 1 "person"
1 450 281 485 356 201 0 0 1 "person"
1 449 281 483 356 202 0 0 1 "person"
1 447 281 482 355 203 0 0 1 "person"
1 445 280 480 355 204 0 0 1 "person"
1 444 280 478 355 205 0 0 1 "person"
1 442 280 477 355 206 0 0 1 "person"
1 441 280 475 355 207 0 0 1 "person"
1 439 280 474 354 208 0 0 1 "person"
1 438 280 472 354 209 0 0 1 "person"
1 436 280 470 354 210 0 0 1 "person"
1 434 279 469 354 211 0 0 1 "person"
1 433 279 467 354 212 0 0 1 "person"
1 431 279 466 353 213 0 0 1 "person"
1 430 279 464 353 214 0 0 1 "person"
1 428 279 463 353 215 0 0 1 "person"
1 427 279 461 353 216 0 0 1 "person"
1 425 278 459 353 217 0 0 1 "person"
1 423 278 458 353 218 0 0 1 "person"
1 422 278 456 352 219 0 0 1 "person"
1 420 278 455 352 220 0 0 1 "person"
1 419 278 453 352 221 0 0 1 "person"
1 417 278 451 352 222 0 0 1 "person"
1 415 277 450 352 223 0 0 1 "person"
1 414 277 448 351 224 0 0 1 "person"
1 412 277 447 351 225 0 0 1 "person"
1 411 277 445 351 226 0 0 1 "person"
1 409 277 443 351 227 0 0 1 "person"
1 408 277 442 351 228 0 0 1 "person"
1 406 276 440 351 229 0 0 1 "person"
1 404 276 439 350 230 0 0 1 "person"
1 403 276 437 350 231 0 0 1 "person"
1 401 276 436 350 232 0 0 1 "person"
1 400 276 434 350 233 0 0 1 "person"
1 398 276 432 350 234 0 0 1 "person"
1 396 275 431 349 235 0 0 1 "person"
1 395 275 429 349 236 0 0 1 "person"
1 393 275 428 349 237 0 0 1 "person"
1 392 275 426 349 238 0 0 1 "person"
1 390 275 424 349 239 0 0 1 "person"
1 389 275 423 348 240 0 0 1 "person"
1 387 274 421 348 241 0 0 1 "person"
1 385 274 420 348 242 0 0 1 "person"
1 384 274 418 348 243 0 0 1 "person"
1 382 274 417 348 244 0 0 1 "person"
1 381 274 415 348 245 0 0 1 "person"
1 379 274 413 347 246 0 0 1 "person"
1 378 274 412 347 247 0 0 1 "person"
1 376 273 410 347 248 0 0 1 "person"
1 374 273 409 347 249 0 0 1 "person"
1 373 273 407 347 250 0 0 1 "person"
1 371 273 405 346 251 0 0 1 "person"
1 370 273 404 346 252 0 0 1 "person"
1 368 273 402 346 253 0 0 1 "person"
1 366 272 401 346 254 0 0 1 "person"
1 365 272 399 346 255 0 0 1 "person"
1 363 272 398 346 256 0 0 1 "person"
1 362 272 396 345 257 0 0 1 "person"
1 360 272 394 345 258 0 0 1 "person"
1 359 272 393 345 259 0 0 1 "person"
1 357 271 391 345 260 0 0 1 "person"
1 355 271 390 345 261 0 0 1 "person"
1 354 271 388 344 262 0 0 1 "person"
1 352 271 386 344 263 0 0 1 "person"
1 351 271 385 344 264 0 0 1 "person"
1 349 271 383 344 265 0 0 1 "person"
1 347 270 382 344 266 0 0 1 "person"
1 346 270 380 343 267 0 0 1 "person"
1 344 270 379 343 268 0 0 1 "person"
1 343 270 377 343 269 0 0 1 "person"
1 341 270 375 343 270 0 0 1 "person"
1 340 270 374 343 271 0 0 1 "person"
1 338 269 372 343 272 0 0 1 "person"
1 336 269 371 342 273 0 0 1 "person"
1 335 269 369 342 274 0 0 1 "person"
1 333 269 367 342 275 0 0 1 "person"
1 332 269 366 342 276 0 0 1 "person"
1 330 269 364 342 277 0 0 1 "person"
1 328 268 363 341 278 0 0 1 "person"
1 327 268 361 341 279 0 0 1 "person"
1 325 268 359 341 280 0 0 1 "person"
1 324 268 358 341 281 0 0 1 "person"
1 322 268 356 341 282 0 0 1 "person"
1 321 268 355 341 283 0 0 1 "person"
1 319 268 353 340 284 0 0 1 "person"
1 317 267 352 340 285 0 0 1 "person"
1 316 267 350 340 286 0 0 1 "person"
1 314 267 348 340 287 0 0 1 "person"
1 313 267 347 340 288 0 0 1 "person"
1 311 267 345 339 289 0 0 1 "person"
1 310 267 344 339 290 0 0 1 "person"
1 308 266 342 339 291 0 0 1 "person"
1 306 266 340 339 292 0 0 1 "person"
1 305 266 339 339 293 0 0 1 "person"
1 303 266 337 338 294 0 0 1 "person"
1 302 266 336 338 295 0 0 1 "person"
1 300 266 334 338 296 0 0 1 "person"
1 298 265 333 338 297 0 0 1 "person"
1 297 265 331 338 298 0 0 1 "person"
1 295 265 329 338 299 0 0 1 "person"
1 294 265 328 337 300 0 0 1 "person"
1 292 265 326 337 301 0 0 1 "person"
1 291 265 325 337 302 0 0 1 "person"
1 289 264 323 337 303 0 0 1 "person"
1 287 264 321 337 304 0 0 1 "person"
1 286 264 320 336 305 0 0 1 "person"
1 284 264 318 336 306 0 0 1 "person"
1 283 264 317 336 307 0 0 1 "person"
1 281 264 315 336 308 0 0 1 "person"
1 279 263 314 336 309 0 0 1 "person"
1 278 263 312 336 310 0 0 1 "person"
1 276 263 310 335 311 0 0 1 "person"
1 275 263 309 335 312 0 0 1 "person"
1 273 263 307 335 313 0 0 1 "person"
1 272 263 306 335 314 0 0 1 "person"
1 270 262 304 335 315 0 0 1 "person"
1 268 262 302 334 316 0 0 1 "person"
1 267 262 301 334 317 0 0 1 "person"
1 265 262 299 334 318 0 0 1 "person"
1 264 262 298 334 319 0 0 1 "person"
1 262 262 296 334 320 0 0 1 "person"
1 261 262 295 334 321 0 0 0 "person"
