0 695 278 717 361 0 1 0 0 "person"
0 694 278 717 361 1 1 0 1 "person"
0 694 278 717 361 2 1 0 1 "person"
0 694 278 717 361 3 1 0 1 "person"
0 694 278 717 361 4 1 0 1 "person"
0 694 278 717 361 5 1 0 1 "person"
0 694 278 717 361 6 1 0 1 "person"
0 694 278 717 361 7 1 0 1 "person"
0 694 278 717 361 8 1 0 1 "person"
0 694 278 717 361 9 1 0 1 "person"
0 694 278 717 361 10 1 0 1 "person"
0 694 278 717 361 11 1 0 1 "person"
0 694 278 717 361 12 1 0 1 "person"
0 694 278 717 361 13 1 0 1 "person"
0 694 278 717 361 14 1 0 1 "person"
0 694 278 717 361 15 1 0 1 "person"
0 694 278 717 361 16 1 0 1 "person"
0 694 278 717 361 17 1 0 1 "person"
0 694 278 717 361 18 1 0 1 "person"
0 694 278 717 361 19 1 0 1 "person"
0 694 278 717 361 20 1 0 1 "person"
0 694 278 717 361 21 1 0 1 "person"
0 694 278 717 361 22 1 0 1 "person"
0 694 278 717 361 23 1 0 1 "person"
0 694 278 717 361 24 1 0 1 "person"
0 694 278 717 361 25 1 0 1 "person"
0 694 278 717 361 26 1 0 1 "person"
0 694 278 717 361 27 1 0 1 "person"
0 694 278 717 361 28 1 0 1 "person"
0 694 278 717 361 29 1 0 1 "person"
0 694 278 717 361 30 1 0 1 "person"
0 694 278 717 361 31 1 0 1 "person"
0 694 278 717 361 32 1 0 1 "person"
0 694 278 717 361 33 1 0 1 "person"
0 694 278 717 361 34 1 0 1 "person"
0 694 278 717 361 35 1 0 1 "person"
0 694 278 717 361 36 1 0 1 "person"
0 694 278 717 361 37 1 0 1 "person"
0 694 278 717 361 38 1 0 1 "person"
0 694 278 717 361 39 1 0 1 "person"
0 694 278 717 361 40 1 0 1 "person"
0 694 278 717 361 41 1 0 1 "person"
0 694 278 717 361 42 1 0 1 "person"
0 694 278 717 361 43 1 0 1 "person"
0 694 278 717 361 44 1 0 1 "person"
0 694 278 717 361 45 1 0 1 "person"
0 694 278 717 361 46 1 0 1 "person"
0 694 278 717 361 47 1 0 1 "person"
0 694 278 717 361 48 1 0 1 "person"
0 694 278 717 361 49 1 0 1 "person"
0 694 278 717 361 50 1 0 1 "person"
0 693 278 717 361 51 1 0 1 "person"
0 693 278 717 361 52 1 0 1 "person"
0 693 278 717 361 53 1 0 1 "person"
0 693 278 717 361 54 1 0 1 "person"
0 693 278 717 361 55 1 0 1 "person"
0 693 278 717 361 56 1 0 1 "person"
0 693 278 717 361 57 1 0 1 "person"
0 693 278 717 361 58 1 0 1 "person"
0 693 278 717 361 59 1 0 1 "person"
0 693 278 717 361 60 1 0 1 "person"
0 693 278 717 361 61 1 0 1 "person"
0 693 278 717 361 62 1 0 1 "person"
0 693 278 717 361 63 1 0 1 "person"
0 693 278 717 361 64 1 0 1 "person"
0 693 278 717 361 65 1 0 1 "person"
0 693 278 717 361 66 1 0 1 "person"
0 693 278 717 361 67 1 0 1 "person"
0 693 278 717 361 68 1 0 1 "person"
0 693 278 717 361 69 1 0 1 "person"
0 693 278 717 361 70 1 0 1 "person"
0 693 278 717 361 71 1 0 1 "person"
0 693 278 717 361 72 1 0 1 "person"
0 693 278 717 361 73 1 0 1 "person"
0 693 278 717 361 74 1 0 1 "person"
0 693 278 717 361 75 1 0 1 "person"
0 693 278 717 361 76 1 0 1 "person"
0 693 278 717 361 77 1 0 1 "person"
0 693 278 717 361 78 1 0 1 "person"
0 693 278 717 361 79 1 0 1 "person"
0 693 278 717 361 80 1 0 1 "person"
0 693 278 717 361 81 1 0 1 "person"
0 693 278 717 361 82 1 0 1 "person"
0 693 278 717 361 83 1 0 1 "person"
0 693 278 717 361 84 1 0 1 "person"
0 693 278 717 361 85 1 0 1 "person"
0 693 278 717 361 86 1 0 1 "person"
0 693 278 717 361 87 1 0 1 "person"
0 693 278 717 361 88 1 0 1 "person"
0 693 278 717 361 89 1 0 1 "person"
0 693 278 717 361 90 1 0 1 "person"
0 693 278 717 361 91 1 0 1 "person"
0 693 278 717 361 92 1 0 1 "person"
0 693 278 717 361 93 1 0 1 "person"
0 693 278 717 361 94 1 0 1 "person"
0 693 278 717 361 95 1 0 1 "person"
0 693 278 717 361 96 1 0 1 "person"
0 693 278 717 361 97 1 0 1 "person"
0 693 278 717 361 98 1 0 1 "person"
0 693 278 717 361 99 1 0 1 "person"
0 693 278 718 362 100 0 0 0 "person"
0 691 278 716 361 101 0 0 1 "person"
0 689 278 714 361 102 0 0 1 "person"
0 687 278 713 361 103 0 0 1 "person"
0 685 278 711 361 104 0 0 1 "person"
0 683 278 709 361 105 0 0 1 "person"
0 682 278 708 361 106 0 0 1 "person"
0 680 278 706 361 107 0 0 1 "person"
0 678 278 704 361 108 0 0 1 "person"
0 676 278 703 361 109 0 0 1 "person"
0 674 278 701 361 110 0 0 1 "person"
0 672 278 699 361 111 0 0 1 "person"
0 671 278 698 361 112 0 0 1 "person"
0 669 278 696 361 113 0 0 1 "person"
0 667 278 695 361 114 0 0 1 "person"
0 665 278 693 361 115 0 0 1 "person"
0 663 278 691 361 116 0 0 1 "person"
0 661 278 690 361 117 0 0 1 "person"
0 660 278 688 361 118 0 0 1 "person"
0 658 278 686 361 119 0 0 1 "person"
0 656 278 685 361 120 0 0 1 "person"
0 654 278 683 361 121 0 0 1 "person"
0 652 278 681 361 122 0 0 1 "person"
0 650 278 680 361 123 0 0 1 "person"
0 649 278 678 361 124 0 0 1 "person"
0 647 278 677 361 125 0 0 1 "person"
0 645 278 675 361 126 0 0 1 "person"
0 643 278 673 361 127 0 0 1 "person"
0 641 278 672 361 128 0 0 1 "person"
0 639 278 670 361 129 0 0 1 "person"
0 638 278 668 361 130 0 0 1 "person"
0 636 278 667 361 131 0 0 1 "person"
0 634 278 665 361 132 0 0 1 "person"
0 632 278 663 361 133 0 0 1 "person"
0 630 278 662 361 134 0 0 1 "person"
0 628 278 660 361 135 0 0 1 "person"
0 627 278 659 361 136 0 0 0 "person"
0 625 277 657 360 137 0 0 1 "person"
0 623 277 655 360 138 0 0 1 "person"
0 622 277 654 360 139 0 0 1 "person"
0 620 277 652 360 140 0 0 1 "person"
0 618 277 651 359 141 0 0 1 "person"
0 617 277 649 359 142 0 0 1 "person"
0 615 277 648 359 143 0 0 1 "person"
0 613 276 646 359 144 0 0 1 "person"
0 612 276 645 359 145 0 0 1 "person"
0 610 276 643 358 146 0 0 1 "person"
0 608 276 642 358 147 0 0 1 "person"
0 607 276 640 358 148 0 0 1 "person"
0 605 276 639 358 149 0 0 1 "person"
0 603 276 637 357 150 0 0 1 "person"
0 602 276 636 357 151 0 0 1 "person"
0 600 275 634 357 152 0 0 1 "person"
0 598 275 633 357 153 0 0 1 "person"
0 597 275 631 357 154 0 0 1 "person"
0 595 275 630 356 155 0 0 1 "person"
0 593 275 628 356 156 0 0 1 "person"
0 592 275 627 356 157 0 0 1 "person"
0 590 275 625 356 158 0 0 1 "person"
0 589 275 624 356 159 0 0 0 "person"
0 588 274 623 355 160 0 0 1 "person"
0 588 274 622 355 161 0 0 1 "person"
0 587 274 621 355 162 0 0 1 "person"
0 587 274 620 354 163 0 0 1 "person"
0 586 274 619 354 164 0 0 1 "person"
0 586 274 618 354 165 0 0 1 "person"
0 586 274 617 354 166 0 0 1 "person"
0 585 274 616 353 167 0 0 1 "person"
0 585 274 615 353 168 0 0 1 "person"
0 584 274 614 353 169 0 0 1 "person"
0 584 273 614 352 170 0 0 1 "person"
0 583 273 613 352 171 0 0 1 "person"
0 583 273 612 352 172 0 0 1 "person"
0 583 273 611 352 173 0 0 1 "person"
0 582 273 610 351 174 0 0 1 "person"
0 582 273 609 351 175 0 0 1 "person"
0 581 273 608 351 176 0 0 1 "person"
0 581 273 607 350 177 0 0 1 "person"
0 580 273 606 350 178 0 0 1 "person"
0 580 273 605 350 179 0 0 1 "person"
0 580 273 605 350 180 0 0 0 "person"
0 580 273 605 351 181 0 0 1 "person"
0 580 273 605 352 182 0 0 1 "person"
0 581 273 605 353 183 0 0 1 "person"
0 581 273 605 354 184 0 0 1 "person"
0 581 273 605 355 185 0 0 1 "person"
0 582 274 606 356 186 0 0 0 "person"
0 581 274 605 355 187 0 0 1 "person"
0 581 274 605 355 188 0 0 1 "person"
0 581 274 605 355 189 0 0 1 "person"
0 581 274 605 355 190 0 0 1 "person"
0 581 274 605 355 191 0 0 1 "person"
0 581 274 605 355 192 0 0 1 "person"
0 581 274 605 355 193 0 0 1 "person"
0 580 274 605 355 194 0 0 1 "person"
0 580 274 605 355 195 0 0 1 "person"
0 580 274 605 355 196 0 0 1 "person"
0 580 274 605 355 197 0 0 1 "person"
0 580 274 605 355 198 0 0 1 "person"
0 580 274 605 355 199 0 0 1 "person"
0 580 274 605 355 200 0 0 1 "person"
0 580 274 605 355 201 0 0 1 "person"
0 579 274 605 355 202 0 0 1 "person"
0 579 274 605 355 203 0 0 1 "person"
0 579 274 605 355 204 0 0 1 "person"
0 579 274 605 355 205 0 0 1 "person"
0 579 274 605 355 206 0 0 1 "person"
0 579 274 604 355 207 0 0 1 "person"
0 579 274 604 355 208 0 0 1 "person"
0 578 274 604 355 209 0 0 1 "person"
0 578 274 604 355 210 0 0 1 "person"
0 578 274 604 355 211 0 0 1 "person"
0 578 274 604 355 212 0 0 1 "person"
0 578 274 604 355 213 0 0 1 "person"
0 578 274 604 355 214 0 0 1 "person"
0 578 274 604 355 215 0 0 1 "person"
0 578 274 604 355 216 0 0 1 "person"
0 577 275 604 355 217 0 0 1 "person"
0 577 275 604 355 218 0 0 1 "person"
0 577 275 604 355 219 0 0 1 "person"
0 577 275 604 355 220 0 0 1 "person"
0 577 275 604 355 221 0 0 1 "person"
0 577 275 604 355 222 0 0 1 "person"
0 577 275 604 355 223 0 0 1 "person"
0 577 275 604 355 224 0 0 1 "person"
0 576 275 604 355 225 0 0 1 "person"
0 576 275 604 355 226 0 0 1 "person"
0 576 275 603 355 227 0 0 1 "person"
0 576 275 603 355 228 0 0 1 "person"
0 576 275 603 355 229 0 0 1 "person"
0 576 275 603 355 230 0 0 1 "person"
0 576 275 603 355 231 0 0 1 "person"
0 575 275 603 355 232 0 0 1 "person"
0 575 275 603 355 233 0 0 1 "person"
0 575 275 603 355 234 0 0 1 "person"
0 575 275 603 355 235 0 0 1 "person"
0 575 275 603 355 236 0 0 1 "person"
0 575 275 603 355 237 0 0 1 "person"
0 575 275 603 355 238 0 0 1 "person"
0 575 275 603 355 239 0 0 1 "person"
0 574 275 603 355 240 0 0 1 "person"
0 574 275 603 355 241 0 0 1 "person"
0 574 275 603 355 242 0 0 1 "person"
0 574 275 603 355 243 0 0 1 "person"
0 574 275 603 355 244 0 0 1 "person"
0 574 275 603 355 245 0 0 1 "person"
0 574 275 603 355 246 0 0 1 "person"
0 574 276 603 355 247 0 0 0 "person"
0 573 275 602 354 248 0 0 1 "person"
0 573 275 602 354 249 0 0 1 "person"
0 573 275 602 354 250 0 0 1 "person"
0 573 275 601 354 251 0 0 1 "person"
0 573 274 601 353 252 0 0 1 "person"
0 573 274 601 353 253 0 0 1 "person"
0 573 274 600 353 254 0 0 1 "person"
0 573 274 600 353 255 0 0 1 "person"
0 573 274 600 353 256 0 0 1 "person"
0 573 273 600 352 257 0 0 1 "person"
0 573 273 599 352 258 0 0 1 "person"
0 573 273 599 352 259 0 0 1 "person"
0 572 273 599 352 260 0 0 1 "person"
0 572 273 598 352 261 0 0 1 "person"
0 572 272 598 351 262 0 0 1 "person"
0 572 272 598 351 263 0 0 1 "person"
0 572 272 598 351 264 0 0 1 "person"
0 572 272 597 351 265 0 0 1 "person"
0 572 272 597 351 266 0 0 1 "person"
0 572 271 597 350 267 0 0 1 "person"
0 572 271 596 350 268 0 0 1 "person"
0 572 271 596 350 269 0 0 1 "person"
0 572 271 596 350 270 0 0 1 "person"
0 572 271 596 350 271 0 0 0 "person"
0 571 271 595 350 272 0 0 1 "person"
0 571 271 595 350 273 0 0 1 "person"
0 571 271 595 350 274 0 0 1 "person"
0 571 271 595 350 275 0 0 1 "person"
0 571 271 595 350 276 0 0 1 "person"
0 571 271 595 350 277 0 0 1 "person"
0 571 271 595 350 278 0 0 1 "person"
0 571 271 595 350 279 0 0 1 "person"
0 571 271 595 350 280 0 0 1 "person"
0 571 271 595 350 281 0 0 1 "person"
0 571 271 595 350 282 0 0 1 "person"
0 571 271 595 350 283 0 0 1 "person"
0 570 271 594 350 284 0 0 1 "person"
0 570 271 594 350 285 0 0 1 "person"
0 570 271 594 350 286 0 0 1 "person"
0 570 271 594 350 287 0 0 1 "person"
0 570 271 594 350 288 0 0 1 "person"
0 570 271 594 350 289 0 0 1 "person"
0 570 271 594 350 290 0 0 1 "person"
0 570 271 594 350 291 0 0 1 "person"
0 570 271 594 350 292 0 0 1 "person"
0 570 271 594 350 293 0 0 1 "person"
0 570 271 594 350 294 0 0 1 "person"
0 570 271 594 350 295 0 0 1 "person"
0 570 271 594 350 296 0 0 1 "person"
0 569 271 593 350 297 0 0 1 "person"
0 569 271 593 350 298 0 0 1 "person"
0 569 271 593 350 299 0 0 1 "person"
0 569 271 593 350 300 0 0 1 "person"
0 569 271 593 350 301 0 0 1 "person"
0 569 271 593 350 302 0 0 1 "person"
0 569 271 593 350 303 0 0 1 "person"
0 569 271 593 350 304 0 0 1 "person"
0 569 271 593 350 305 0 0 1 "person"
0 569 271 593 350 306 0 0 1 "person"
0 569 271 593 350 307 0 0 1 "person"
0 569 271 593 350 308 0 0 1 "person"
0 568 271 592 350 309 0 0 1 "person"
0 568 271 592 350 310 0 0 1 "person"
0 568 271 592 350 311 0 0 1 "person"
0 568 271 592 350 312 0 0 1 "person"
0 568 271 592 350 313 0 0 1 "person"
0 568 271 592 350 314 0 0 1 "person"
0 568 271 592 350 315 0 0 1 "person"
0 568 271 592 350 316 0 0 1 "person"
0 568 271 592 350 317 0 0 1 "person"
0 568 271 592 350 318 0 0 1 "person"
0 568 271 592 350 319 0 0 1 "person"
0 568 271 592 350 320 0 0 1 "person"
0 568 272 592 350 321 0 0 0 "person"
1 683 301 719 381 0 1 0 0 "person"
1 683 301 718 380 1 1 0 1 "person"
1 683 301 718 380 2 1 0 1 "person"
1 683 301 718 380 3 1 0 1 "person"
1 683 301 718 380 4 1 0 1 "person"
1 683 301 718 380 5 1 0 1 "person"
1 683 301 718 380 6 1 0 1 "person"
1 683 301 718 380 7 1 0 1 "person"
1 683 301 718 380 8 1 0 1 "person"
1 683 301 718 380 9 1 0 1 "person"
1 683 301 718 380 10 1 0 1 "person"
1 684 301 718 380 11 1 0 1 "person"
1 684 301 718 380 12 1 0 1 "person"
1 684 301 718 380 13 1 0 1 "person"
1 684 301 718 380 14 1 0 1 "person"
1 684 301 718 380 15 1 0 1 "person"
1 684 301 718 380 16 1 0 1 "person"
1 684 301 718 380 17 1 0 1 "person"
1 684 301 718 380 18 1 0 1 "person"
1 684 301 718 380 19 1 0 1 "person"
1 684 301 718 380 20 1 0 1 "person"
1 684 301 718 380 21 1 0 1 "person"
1 685 301 718 380 22 1 0 1 "person"
1 685 301 718 380 23 1 0 1 "person"
1 685 301 718 380 24 1 0 1 "person"
1 685 301 718 380 25 1 0 1 "person"
1 685 301 718 380 26 1 0 1 "person"
1 685 301 718 380 27 1 0 1 "person"
1 685 301 718 380 28 1 0 1 "person"
1 685 301 718 380 29 1 0 1 "person"
1 685 301 718 380 30 1 0 1 "person"
1 685 301 718 380 31 1 0 1 "person"
1 685 301 718 380 32 1 0 1 "person"
1 686 301 718 380 33 1 0 1 "person"
1 686 301 718 380 34 1 0 1 "person"
1 686 301 718 380 35 1 0 1 "person"
1 686 301 718 380 36 1 0 1 "person"
1 686 301 718 380 37 1 0 1 "person"
1 686 301 718 380 38 1 0 1 "person"
1 686 301 718 380 39 1 0 1 "person"
1 686 301 718 380 40 1 0 1 "person"
1 686 301 718 380 41 1 0 1 "person"
1 686 301 718 380 42 1 0 1 "person"
1 686 301 718 380 43 1 0 1 "person"
1 687 301 718 380 44 1 0 1 "person"
1 687 301 718 380 45 1 0 1 "person"
1 687 301 718 380 46 1 0 1 "person"
1 687 301 718 380 47 1 0 1 "person"
1 687 301 718 380 48 1 0 1 "person"
1 687 301 718 380 49 1 0 1 "person"
1 687 301 718 380 50 1 0 1 "person"
1 687 301 718 380 51 1 0 1 "person"
1 687 301 718 380 52 1 0 1 "person"
1 687 301 718 380 53 1 0 1 "person"
1 688 301 718 380 54 0 0 0 "person"
1 686 300 716 379 55 0 0 1 "person"
1 684 300 714 379 56 0 0 1 "person"
1 682 300 712 379 57 0 0 1 "person"
1 680 299 710 378 58 0 0 1 "person"
1 678 299 708 378 59 0 0 1 "person"
1 676 299 707 378 60 0 0 1 "person"
1 674 299 705 378 61 0 0 1 "person"
1 673 298 703 377 62 0 0 1 "person"
1 671 298 701 377 63 0 0 1 "person"
1 669 298 699 377 64 0 0 1 "person"
1 667 298 698 376 65 0 0 1 "person"
1 665 297 696 376 66 0 0 1 "person"
1 663 297 694 376 67 0 0 1 "person"
1 661 297 692 376 68 0 0 1 "person"
1 660 297 690 375 69 0 0 1 "person"
1 658 296 688 375 70 0 0 1 "person"
1 656 296 687 375 71 0 0 1 "person"
1 654 296 685 374 72 0 0 1 "person"
1 652 295 683 374 73 0 0 1 "person"
1 650 295 681 374 74 0 0 1 "person"
1 648 295 679 374 75 0 0 1 "person"
1 646 295 678 373 76 0 0 1 "person"
1 645 294 676 373 77 0 0 1 "person"
1 643 294 674 373 78 0 0 1 "person"
1 641 294 672 373 79 0 0 1 "person"
1 639 294 670 372 80 0 0 1 "person"
1 637 293 669 372 81 0 0 1 "person"
1 635 293 667 372 82 0 0 1 "person"
1 633 293 665 371 83 0 0 1 "person"
1 632 293 663 371 84 0 0 1 "person"
1 630 292 661 371 85 0 0 1 "person"
1 628 292 659 371 86 0 0 1 "person"
1 626 292 658 370 87 0 0 1 "person"
1 624 291 656 370 88 0 0 1 "person"
1 622 291 654 370 89 0 0 1 "person"
1 620 291 652 369 90 0 0 1 "person"
1 618 291 650 369 91 0 0 1 "person"
1 617 290 649 369 92 0 0 1 "person"
1 615 290 647 369 93 0 0 1 "person"
1 613 290 645 368 94 0 0 1 "person"
1 611 290 643 368 95 0 0 1 "person"
1 609 289 641 368 96 0 0 1 "person"
1 607 289 640 367 97 0 0 1 "person"
1 605 289 638 367 98 0 0 1 "person"
1 604 289 636 367 99 0 0 1 "person"
1 602 288 634 367 100 0 0 1 "person"
1 600 288 632 366 101 0 0 1 "person"
1 598 288 630 366 102 0 0 1 "person"
1 596 287 629 366 103 0 0 1 "person"
1 594 287 627 366 104 0 0 1 "person"
1 592 287 625 365 105 0 0 1 "person"
1 590 287 623 365 106 0 0 1 "person"
1 589 286 621 365 107 0 0 1 "person"
1 587 286 620 364 108 0 0 1 "person"
1 585 286 618 364 109 0 0 1 "person"
1 583 286 616 364 110 0 0 1 "person"
1 581 285 614 364 111 0 0 1 "person"
1 579 285 612 363 112 0 0 1 "person"
1 577 285 611 363 113 0 0 1 "person"
1 576 285 609 363 114 0 0 1 "person"
1 574 284 607 362 115 0 0 1 "person"
1 572 284 605 362 116 0 0 1 "person"
1 570 284 603 362 117 0 0 1 "person"
1 568 283 601 362 118 0 0 1 "person"
1 566 283 600 361 119 0 0 1 "person"
1 564 283 598 361 120 0 0 1 "person"
1 562 283 596 361 121 0 0 1 "person"
1 561 282 594 360 122 0 0 1 "person"
1 559 282 592 360 123 0 0 1 "person"
1 557 282 591 360 124 0 0 1 "person"
1 555 282 589 360 125 0 0 1 "person"
1 553 281 587 359 126 0 0 1 "person"
1 551 281 585 359 127 0 0 1 "person"
1 549 281 583 359 128 0 0 1 "person"
1 548 281 582 359 129 0 0 0 "person"
1 546 280 580 358 130 0 0 1 "person"
1 545 280 578 358 131 0 0 1 "person"
1 543 280 577 358 132 0 0 1 "person"
1 542 280 575 358 133 0 0 1 "person"
1 540 279 574 357 134 0 0 1 "person"
1 539 279 572 357 135 0 0 1 "person"
1 537 279 571 357 136 0 0 1 "person"
1 536 279 569 357 137 0 0 1 "person"
1 534 278 568 357 138 0 0 1 "person"
1 533 278 566 356 139 0 0 1 "person"
1 532 278 565 356 140 0 0 1 "person"
1 530 278 563 356 141 0 0 1 "person"
1 529 277 562 356 142 0 0 1 "person"
1 527 277 560 355 143 0 0 1 "person"
1 526 277 559 355 144 0 0 1 "person"
1 524 277 557 355 145 0 0 1 "person"
1 523 276 556 355 146 0 0 1 "person"
1 521 276 554 355 147 0 0 1 "person"
1 520 276 552 354 148 0 0 1 "person"
1 518 276 551 354 149 0 0 1 "person"
1 517 276 549 354 150 0 0 1 "person"
1 516 275 548 354 151 0 0 1 "person"
1 514 275 546 353 152 0 0 1 "person"
1 513 275 545 353 153 0 0 1 "person"
1 511 275 543 353 154 0 0 1 "person"
1 510 274 542 353 155 0 0 1 "person"
1 508 274 540 353 156 0 0 1 "person"
1 507 274 539 352 157 0 0 1 "person"
1 505 274 537 352 158 0 0 1 "person"
1 504 273 536 352 159 0 0 1 "person"
1 502 273 534 352 160 0 0 1 "person"
1 501 273 533 352 161 0 0 1 "person"
1 500 273 531 351 162 0 0 1 "person"
1 498 272 530 351 163 0 0 1 "person"
1 497 272 528 351 164 0 0 1 "person"
1 495 272 527 351 165 0 0 1 "person"
1 494 272 525 350 166 0 0 1 "person"
1 492 272 523 350 167 0 0 1 "person"
1 491 271 522 350 168 0 0 1 "person"
1 489 271 520 350 169 0 0 1 "person"
1 488 271 519 350 170 0 0 1 "person"
1 486 271 517 349 171 0 0 1 "person"
1 485 270 516 349 172 0 0 1 "person"
1 484 270 514 349 173 0 0 1 "person"
1 482 270 513 349 174 0 0 1 "person"
1 481 270 511 348 175 0 0 1 "person"
1 479 269 510 348 176 0 0 1 "person"
1 478 269 508 348 177 0 0 1 "person"
1 476 269 507 348 178 0 0 1 "person"
1 475 269 505 348 179 0 0 1 "person"
1 473 268 504 347 180 0 0 1 "person"
1 472 268 502 347 181 0 0 1 "person"
1 470 268 501 347 182 0 0 1 "person"
1 469 268 499 347 183 0 0 1 "person"
1 468 268 498 347 184 0 0 0 "person"
1 467 267 497 346 185 0 0 1 "person"
1 466 266 496 345 186 0 0 1 "person"
1 466 266 496 345 187 0 0 1 "person"
1 465 265 495 344 188 0 0 1 "person"
1 464 264 494 343 189 0 0 1 "person"
1 464 264 494 343 190 0 0 1 "person"
1 463 263 493 342 191 0 0 1 "person"
1 462 262 492 341 192 0 0 1 "person"
1 462 262 492 341 193 0 0 0 "person"
1 460 262 490 340 194 0 0 1 "person"
1 458 262 488 339 195 0 0 1 "person"
1 456 262 486 339 196 0 0 1 "person"
1 455 263 484 338 197 0 0 1 "person"
1 453 263 482 337 198 0 0 1 "person"
1 451 263 480 337 199 0 0 1 "person"
1 449 263 478 336 200 0 0 1 "person"
1 448 264 477 336 201 0 0 0 "person"
1 446 264 476 337 202 0 0 1 "person"
1 445 264 475 338 203 0 0 1 "person"
1 444 264 474 340 204 0 0 1 "person"
1 443 264 473 341 205 0 0 1 "person"
1 442 264 472 343 206 0 1 0 "person"
1 440 264 470 342 207 0 1 1 "person"
1 438 264 468 342 208 0 1 1 "person"
1 437 264 466 341 209 0 1 1 "person"
1 435 264 465 341 210 0 1 1 "person"
1 433 264 463 341 211 0 1 1 "person"
1 432 264 461 340 212 0 1 1 "person"
1 430 264 460 340 213 0 1 1 "person"
1 428 264 458 340 214 0 1 1 "person"
1 427 265 456 339 215 0 1 1 "person"
1 425 265 455 339 216 0 1 1 "person"
1 423 265 453 339 217 0 1 1 "person"
1 422 265 451 338 218 0 1 1 "person"
1 420 265 450 338 219 0 1 1 "person"
1 419 265 448 337 220 0 1 1 "person"
1 417 265 446 337 221 0 1 1 "person"
1 415 265 445 337 222 0 1 1 "person"
1 414 266 443 336 223 0 1 1 "person"
1 412 266 441 336 224 0 1 1 "person"
1 410 266 440 336 225 0 1 1 "person"
1 409 266 438 335 226 0 1 1 "person"
1 407 266 436 335 227 0 1 1 "person"
1 405 266 435 335 228 0 1 1 "person"
1 404 266 433 334 229 0 1 1 "person"
1 402 266 431 334 230 0 1 1 "person"
1 401 267 430 334 231 0 1 0 "person"
1 401 266 430 335 232 0 1 1 "person"
1 402 266 431 336 233 0 1 1 "person"
1 402 266 432 337 234 0 1 1 "person"
1 403 266 433 338 235 0 1 0 "person"
1 401 265 431 337 236 0 1 1 "person"
1 399 265 429 337 237 0 1 1 "person"
1 398 265 428 337 238 0 1 1 "person"
1 396 265 426 337 239 0 1 1 "person"
1 395 265 425 336 240 0 1 1 "person"
1 393 265 423 336 241 0 1 1 "person"
1 392 265 421 336 242 0 1 1 "person"
1 390 265 420 336 243 0 1 1 "person"
1 388 264 418 335 244 0 1 1 "person"
1 387 264 417 335 245 0 1 1 "person"
1 385 264 415 335 246 0 1 1 "person"
1 384 264 414 335 247 0 1 1 "person"
1 382 264 412 335 248 0 1 1 "person"
1 381 264 410 334 249 0 1 1 "person"
1 379 264 409 334 250 0 1 1 "person"
1 378 264 407 334 251 0 1 1 "person"
1 376 263 406 334 252 0 1 1 "person"
1 374 263 404 333 253 0 1 1 "person"
1 373 263 403 333 254 0 1 1 "person"
1 371 263 401 333 255 0 1 1 "person"
1 370 263 399 333 256 0 1 1 "person"
1 368 263 398 333 257 0 1 1 "person"
1 367 263 396 332 258 0 1 1 "person"
1 365 263 395 332 259 0 1 1 "person"
1 363 262 393 332 260 0 1 1 "person"
1 362 262 392 332 261 0 1 1 "person"
1 360 262 390 331 262 0 1 1 "person"
1 359 262 388 331 263 0 1 1 "person"
1 357 262 387 331 264 0 1 1 "person"
1 356 262 385 331 265 0 1 1 "person"
1 354 262 384 330 266 0 1 1 "person"
1 353 262 382 330 267 0 1 1 "person"
1 351 262 381 330 268 0 1 1 "person"
1 349 261 379 330 269 0 1 1 "person"
1 348 261 377 330 270 0 1 1 "person"
1 346 261 376 329 271 0 1 1 "person"
1 345 261 374 329 272 0 1 1 "person"
1 343 261 373 329 273 0 1 1 "person"
1 342 261 371 329 274 0 1 1 "person"
1 340 261 369 328 275 0 1 1 "person"
1 339 261 368 328 276 0 1 1 "person"
1 337 260 366 328 277 0 1 1 "person"
1 335 260 365 328 278 0 1 1 "person"
1 334 260 363 328 279 0 1 1 "person"
1 332 260 362 327 280 0 1 1 "person"
1 331 260 360 327 281 0 1 1 "person"
1 329 260 358 327 282 0 1 1 "person"
1 328 260 357 327 283 0 1 1 "person"
1 326 260 355 326 284 0 1 1 "person"
1 324 259 354 326 285 0 1 1 "person"
1 323 259 352 326 286 0 1 1 "person"
1 321 259 351 326 287 0 1 1 "person"
1 320 259 349 325 288 0 1 1 "person"
1 318 259 347 325 289 0 1 1 "person"
1 317 259 346 325 290 0 1 1 "person"
1 315 259 344 325 291 0 1 1 "person"
1 314 259 343 325 292 0 1 1 "person"
1 312 258 341 324 293 0 1 1 "person"
1 310 258 340 324 294 0 1 1 "person"
1 309 258 338 324 295 0 1 1 "person"
1 307 258 336 324 296 0 1 1 "person"
1 306 258 335 323 297 0 1 1 "person"
1 304 258 333 323 298 0 1 1 "person"
1 303 258 332 323 299 0 1 1 "person"
1 301 258 330 323 300 0 1 1 "person"
1 300 258 329 323 301 0 1 0 "person"
1 298 257 327 323 302 0 1 1 "person"
1 296 257 325 323 303 0 1 1 "person"
1 295 257 324 324 304 0 1 1 "person"
1 293 257 322 324 305 0 1 1 "person"
1 291 257 320 325 306 0 1 1 "person"
1 290 256 319 325 307 0 1 1 "person"
1 288 256 317 326 308 0 1 1 "person"
1 286 256 315 326 309 0 1 1 "person"
1 285 256 314 327 310 0 1 1 "person"
1 283 256 312 327 311 0 1 1 "person"
1 282 256 311 328 312 0 1 0 "person"
1 280 256 308 327 313 0 1 1 "person"
1 278 257 306 326 314 0 1 1 "person"
1 276 257 304 326 315 0 1 1 "person"
1 274 258 302 325 316 0 1 1 "person"
1 272 258 300 325 317 0 1 1 "person"
1 270 259 298 324 318 0 1 1 "person"
1 268 259 296 324 319 0 1 1 "person"
1 266 260 294 323 320 0 1 1 "person"
1 264 261 292 323 321 0 1 0 "person"
2 701 279 719 359 0 1 0 0 "person"
2 700 279 718 359 1 1 0 1 "person"
2 700 279 718 359 2 1 0 1 "person"
2 700 279 718 359 3 1 0 1 "person"
2 700 279 718 359 4 1 0 1 "person"
2 700 279 718 359 5 1 0 1 "person"
2 700 279 718 359 6 1 0 1 "person"
2 700 279 718 359 7 1 0 1 "person"
2 700 279 718 359 8 1 0 1 "person"
2 700 279 718 359 9 1 0 1 "person"
2 700 279 718 359 10 1 0 1 "person"
2 699 279 718 359 11 1 0 1 "person"
2 699 279 718 359 12 1 0 1 "person"
2 699 279 718 360 13 1 0 1 "person"
2 699 279 718 360 14 1 0 1 "person"
2 699 279 718 360 15 1 0 1 "person"
2 699 279 718 360 16 1 0 1 "person"
2 699 279 718 360 17 1 0 1 "person"
2 699 279 718 360 18 1 0 1 "person"
2 699 279 718 360 19 1 0 1 "person"
2 699 279 718 360 20 1 0 1 "person"
2 699 279 718 360 21 1 0 1 "person"
2 698 279 718 360 22 1 0 1 "person"
2 698 279 718 360 23 1 0 1 "person"
2 698 279 718 360 24 1 0 1 "person"
2 698 279 718 360 25 1 0 1 "person"
2 698 279 718 361 26 1 0 1 "person"
2 698 279 718 361 27 1 0 1 "person"
2 698 279 718 361 28 1 0 1 "person"
2 698 279 718 361 29 1 0 1 "person"
2 698 279 718 361 30 1 0 1 "person"
2 698 279 718 361 31 1 0 1 "person"
2 698 279 718 361 32 1 0 1 "person"
2 697 279 718 361 33 1 0 1 "person"
2 697 279 718 361 34 1 0 1 "person"
2 697 279 718 361 35 1 0 1 "person"
2 697 279 718 361 36 1 0 1 "person"
2 697 279 718 361 37 1 0 1 "person"
2 697 279 718 361 38 1 0 1 "person"
2 697 279 718 362 39 1 0 1 "person"
2 697 279 718 362 40 1 0 1 "person"
2 697 279 718 362 41 1 0 1 "person"
2 697 279 718 362 42 1 0 1 "person"
2 696 279 718 362 43 1 0 1 "person"
2 696 279 718 362 44 1 0 1 "person"
2 696 279 718 362 45 1 0 1 "person"
2 696 279 718 362 46 1 0 1 "person"
2 696 279 718 362 47 1 0 1 "person"
2 696 279 718 362 48 1 0 1 "person"
2 696 279 718 362 49 1 0 1 "person"
2 696 279 718 362 50 1 0 1 "person"
2 696 279 718 362 51 1 0 1 "person"
2 696 279 718 363 52 1 0 1 "person"
2 696 279 718 363 53 1 0 1 "person"
2 695 279 718 363 54 1 0 1 "person"
2 695 279 718 363 55 1 0 1 "person"
2 695 279 718 363 56 1 0 1 "person"
2 695 279 718 363 57 1 0 1 "person"
2 695 279 718 363 58 1 0 1 "person"
2 695 279 718 363 59 1 0 1 "person"
2 695 279 718 363 60 1 0 1 "person"
2 695 279 718 363 61 1 0 1 "person"
2 695 279 718 363 62 1 0 1 "person"
2 695 279 718 363 63 1 0 1 "person"
2 695 279 718 364 64 0 0 0 "person"
2 693 278 716 363 65 0 0 1 "person"
2 691 278 715 363 66 0 0 1 "person"
2 689 278 713 362 67 0 0 1 "person"
2 687 278 712 362 68 0 0 1 "person"
2 686 278 711 361 69 0 0 1 "person"
2 684 277 709 361 70 0 0 1 "person"
2 682 277 708 360 71 0 0 1 "person"
2 680 277 706 360 72 0 0 1 "person"
2 678 277 705 359 73 0 0 1 "person"
2 677 277 704 359 74 0 0 1 "person"
2 675 276 702 358 75 0 0 1 "person"
2 673 276 701 358 76 0 0 1 "person"
2 671 276 699 357 77 0 0 1 "person"
2 669 276 698 357 78 0 0 1 "person"
2 668 276 697 356 79 0 0 1 "person"
2 666 275 695 356 80 0 0 1 "person"
2 664 275 694 355 81 0 0 1 "person"
2 662 275 692 355 82 0 0 1 "person"
2 660 275 691 354 83 0 0 1 "person"
2 659 275 690 354 84 0 0 0 "person"
2 657 275 687 354 85 0 0 1 "person"
2 655 275 684 355 86 0 0 1 "person"
2 653 275 681 355 87 0 0 1 "person"
2 652 275 679 356 88 0 0 0 "person"
2 650 274 677 355 89 0 0 1 "person"
2 648 274 675 355 90 0 0 1 "person"
2 646 274 673 355 91 0 0 1 "person"
2 644 274 672 354 92 0 0 1 "person"
2 643 274 670 354 93 0 0 1 "person"
2 641 274 668 354 94 0 0 1 "person"
2 639 273 667 354 95 0 0 1 "person"
2 637 273 665 353 96 0 0 1 "person"
2 635 273 663 353 97 0 0 1 "person"
2 634 273 662 353 98 0 0 1 "person"
2 632 273 660 352 99 0 0 1 "person"
2 630 273 658 352 100 0 0 1 "person"
2 628 272 657 352 101 0 0 1 "person"
2 627 272 655 352 102 0 0 1 "person"
2 625 272 653 351 103 0 0 1 "person"
2 623 272 652 351 104 0 0 1 "person"
2 621 272 650 351 105 0 0 1 "person"
2 619 272 648 350 106 0 0 1 "person"
2 618 272 646 350 107 0 0 1 "person"
2 616 271 645 350 108 0 0 1 "person"
2 614 271 643 350 109 0 0 1 "person"
2 612 271 641 349 110 0 0 1 "person"
2 611 271 640 349 111 0 0 1 "person"
2 609 271 638 349 112 0 0 1 "person"
2 607 271 636 348 113 0 0 1 "person"
2 605 270 635 348 114 0 0 1 "person"
2 603 270 633 348 115 0 0 1 "person"
2 602 270 631 348 116 0 0 1 "person"
2 600 270 630 347 117 0 0 1 "person"
2 598 270 628 347 118 0 0 1 "person"
2 596 270 626 347 119 0 0 1 "person"
2 595 270 625 347 120 0 0 0 "person"
2 593 269 622 346 121 0 0 1 "person"
2 591 269 620 346 122 0 0 1 "person"
2 589 269 617 346 123 0 0 1 "person"
2 588 269 615 346 124 0 0 1 "person"
2 586 269 613 346 125 0 0 1 "person"
2 584 269 610 346 126 0 0 1 "person"
2 583 269 608 346 127 0 0 1 "person"
2 581 269 605 346 128 0 0 1 "person"
2 579 269 603 346 129 0 0 1 "person"
2 578 269 601 346 130 0 0 0 "person"
2 576 268 599 345 131 0 0 1 "person"
2 574 268 598 345 132 0 0 1 "person"
2 573 268 597 344 133 0 0 1 "person"
2 571 268 596 344 134 0 0 1 "person"
2 570 267 595 344 135 0 0 1 "person"
2 568 267 594 343 136 0 0 1 "person"
2 566 267 592 343 137 0 0 1 "person"
2 565 267 591 343 138 0 0 1 "person"
2 563 266 590 342 139 0 0 1 "person"
2 562 266 589 342 140 0 0 1 "person"
2 560 266 588 342 141 0 0 1 "person"
2 558 266 587 341 142 0 0 1 "person"
2 557 265 586 341 143 0 0 1 "person"
2 555 265 584 341 144 0 0 1 "person"
2 554 265 583 340 145 0 0 1 "person"
2 552 265 582 340 146 0 0 1 "person"
2 550 264 581 340 147 0 0 1 "person"
2 549 264 580 339 148 0 0 1 "person"
2 547 264 579 339 149 0 0 1 "person"
2 546 264 578 339 150 0 0 0 "person"
2 544 263 575 338 151 0 0 1 "person"
2 542 263 573 338 152 0 0 1 "person"
2 541 263 571 338 153 0 0 1 "person"
2 539 263 569 338 154 0 0 1 "person"
2 538 262 567 337 155 0 0 1 "person"
2 536 262 565 337 156 0 0 1 "person"
2 535 262 562 337 157 0 0 1 "person"
2 533 262 560 337 158 0 0 1 "person"
2 532 261 558 336 159 0 0 1 "person"
2 530 261 556 336 160 0 0 1 "person"
2 529 261 554 336 161 0 0 1 "person"
2 527 261 552 336 162 0 0 1 "person"
2 526 261 550 336 163 0 0 0 "person"
2 524 260 548 335 164 0 0 1 "person"
2 523 260 547 335 165 0 0 1 "person"
2 521 260 545 335 166 0 0 1 "person"
2 520 260 544 335 167 0 0 1 "person"
2 518 260 542 334 168 0 0 1 "person"
2 517 260 541 334 169 0 0 1 "person"
2 515 260 539 334 170 0 0 1 "person"
2 514 260 538 334 171 0 0 1 "person"
2 512 260 536 333 172 0 0 1 "person"
2 511 260 535 333 173 0 0 1 "person"
2 509 260 533 333 174 0 0 1 "person"
2 508 260 532 333 175 0 0 1 "person"
2 506 259 530 332 176 0 0 1 "person"
2 505 259 529 332 177 0 0 1 "person"
2 503 259 527 332 178 0 0 1 "person"
2 502 259 526 332 179 0 0 1 "person"
2 500 259 524 331 180 0 0 1 "person"
2 499 259 523 331 181 0 0 1 "person"
2 497 259 521 331 182 0 0 1 "person"
2 496 259 520 331 183 0 0 1 "person"
2 495 259 518 331 184 0 0 1 "person"
2 493 259 517 330 185 0 0 1 "person"
2 492 259 515 330 186 0 0 1 "person"
2 490 259 514 330 187 0 0 1 "person"
2 489 259 512 330 188 0 0 1 "person"
2 487 258 511 329 189 0 0 1 "person"
2 486 258 509 329 190 0 0 1 "person"
2 484 258 508 329 191 0 0 1 "person"
2 483 258 506 329 192 0 0 1 "person"
2 481 258 505 328 193 0 0 1 "person"
2 480 258 503 328 194 0 0 1 "person"
2 478 258 502 328 195 0 0 1 "person"
2 477 258 500 328 196 0 0 1 "person"
2 475 258 499 327 197 0 0 1 "person"
2 474 258 497 327 198 0 0 1 "person"
2 472 258 496 327 199 0 0 1 "person"
2 471 258 494 327 200 0 0 1 "person"
2 469 257 493 326 201 0 0 1 "person"
2 468 257 491 326 202 0 0 1 "person"
2 466 257 490 326 203 0 0 1 "person"
2 465 257 488 326 204 0 0 1 "person"
2 464 257 487 326 205 0 0 1 "person"
2 462 257 485 325 206 0 0 1 "person"
2 461 257 484 325 207 0 0 1 "person"
2 459 257 482 325 208 0 0 1 "person"
2 458 257 481 325 209 0 0 1 "person"
2 456 257 479 324 210 0 0 1 "person"
2 455 257 478 324 211 0 0 1 "person"
2 453 257 476 324 212 0 0 1 "person"
2 452 257 475 324 213 0 0 1 "person"
2 450 256 473 323 214 0 0 1 "person"
2 449 256 472 323 215 0 0 1 "person"
2 447 256 470 323 216 0 0 1 "person"
2 446 256 469 323 217 0 0 1 "person"
2 444 256 467 322 218 0 0 1 "person"
2 443 256 466 322 219 0 0 1 "person"
2 441 256 464 322 220 0 0 1 "person"
2 440 256 463 322 221 0 0 1 "person"
2 438 256 461 321 222 0 0 1 "person"
2 437 256 460 321 223 0 0 1 "person"
2 435 256 458 321 224 0 0 1 "person"
2 434 256 457 321 225 0 0 1 "person"
2 433 256 456 321 226 0 1 0 "person"
2 431 255 454 320 227 0 1 1 "person"
2 430 255 453 320 228 0 1 1 "person"
2 429 255 452 320 229 0 1 1 "person"
2 427 255 450 320 230 0 1 1 "person"
2 426 255 449 320 231 0 1 1 "person"
2 425 255 448 320 232 0 1 1 "person"
2 423 255 446 320 233 0 1 1 "person"
2 422 255 445 320 234 0 1 1 "person"
2 421 255 444 320 235 0 1 1 "person"
2 420 255 443 320 236 0 1 1 "person"
2 418 255 441 320 237 0 1 1 "person"
2 417 254 440 319 238 0 1 1 "person"
2 416 254 439 319 239 0 1 1 "person"
2 414 254 437 319 240 0 1 1 "person"
2 413 254 436 319 241 0 1 1 "person"
2 412 254 435 319 242 0 1 1 "person"
2 410 254 433 319 243 0 1 1 "person"
2 409 254 432 319 244 0 1 1 "person"
2 408 254 431 319 245 0 1 1 "person"
2 407 254 430 319 246 0 1 1 "person"
2 405 254 428 319 247 0 1 1 "person"
2 404 254 427 319 248 0 1 1 "person"
2 403 254 426 319 249 0 1 1 "person"
2 401 253 424 318 250 0 1 1 "person"
2 400 253 423 318 251 0 1 1 "person"
2 399 253 422 318 252 0 1 1 "person"
2 398 253 421 318 253 0 1 1 "person"
2 396 253 419 318 254 0 1 1 "person"
2 395 253 418 318 255 0 1 1 "person"
2 394 253 417 318 256 0 1 1 "person"
2 392 253 415 318 257 0 1 1 "person"
2 391 253 414 318 258 0 1 1 "person"
2 390 253 413 318 259 0 1 1 "person"
2 388 253 411 318 260 0 1 1 "person"
2 387 253 410 318 261 0 1 1 "person"
2 386 252 409 317 262 0 1 1 "person"
2 385 252 408 317 263 0 1 1 "person"
2 383 252 406 317 264 0 1 1 "person"
2 382 252 405 317 265 0 1 1 "person"
2 381 252 404 317 266 0 1 1 "person"
2 379 252 402 317 267 0 1 1 "person"
2 378 252 401 317 268 0 1 1 "person"
2 377 252 400 317 269 0 1 1 "person"
2 376 252 399 317 270 0 1 1 "person"
2 374 252 397 317 271 0 1 1 "person"
2 373 252 396 317 272 0 1 1 "person"
2 372 252 395 317 273 0 1 1 "person"
2 370 251 393 316 274 0 1 1 "person"
2 369 251 392 316 275 0 1 1 "person"
2 368 251 391 316 276 0 1 1 "person"
2 366 251 389 316 277 0 1 1 "person"
2 365 251 388 316 278 0 1 1 "person"
2 364 251 387 316 279 0 1 1 "person"
2 363 251 386 316 280 0 1 1 "person"
2 361 251 384 316 281 0 1 1 "person"
2 360 251 383 316 282 0 1 1 "person"
2 359 251 382 316 283 0 1 1 "person"
2 357 251 380 316 284 0 1 1 "person"
2 356 251 379 316 285 0 1 1 "person"
2 355 250 378 315 286 0 1 1 "person"
2 354 250 377 315 287 0 1 1 "person"
2 352 250 375 315 288 0 1 1 "person"
2 351 250 374 315 289 0 1 1 "person"
2 350 250 373 315 290 0 1 1 "person"
2 348 250 371 315 291 0 1 1 "person"
2 347 250 370 315 292 0 1 1 "person"
2 346 250 369 315 293 0 1 1 "person"
2 344 250 367 315 294 0 1 1 "person"
2 343 250 366 315 295 0 1 1 "person"
2 342 250 365 315 296 0 1 1 "person"
2 341 250 364 315 297 0 1 1 "person"
2 339 249 362 314 298 0 1 1 "person"
2 338 249 361 314 299 0 1 1 "person"
2 337 249 360 314 300 0 1 1 "person"
2 335 249 358 314 301 0 1 1 "person"
2 334 249 357 314 302 0 1 1 "person"
2 333 249 356 314 303 0 1 1 "person"
2 332 249 355 314 304 0 1 1 "person"
2 330 249 353 314 305 0 1 1 "person"
2 329 249 352 314 306 0 1 1 "person"
2 328 249 351 314 307 0 1 1 "person"
2 326 249 349 314 308 0 1 1 "person"
2 325 249 348 314 309 0 1 1 "person"
2 324 248 347 313 310 0 1 1 "person"
2 322 248 345 313 311 0 1 1 "person"
2 321 248 344 313 312 0 1 1 "person"
2 320 248 343 313 313 0 1 1 "person"
2 319 248 342 313 314 0 1 1 "person"
2 317 248 340 313 315 0 1 1 "person"
2 316 248 339 313 316 0 1 1 "person"
2 315 248 338 313 317 0 1 1 "person"
2 313 248 336 313 318 0 1 1 "person"
2 312 248 335 313 319 0 1 1 "person"
2 311 248 334 313 320 0 1 1 "person"
2 310 248 333 313 321 0 1 0 "person"
