0 695 278 717 361 0 1 0 0 "person"
0 694 278 717 361 1 1 0 1 "person"
0 694 278 717 361 2 1 0 1 "person"
0 694 278 717 361 3 1 0 1 "person"
0 694 278 717 361 4 1 0 1 "person"
0 694 278 717 361 5 1 0 1 "person"
0 694 278 717 361 6 1 0 1 "person"
0 694 278 717 361 7 1 0 1 "person"
0 694 278 717 361 8 1 0 1 "person"
0 694 278 717 361 9 1 0 1 "person"
0 694 278 717 361 10 1 0 1 "person"
0 694 278 717 361 11 1 0 1 "person"
0 694 278 717 361 12 1 0 1 "person"
0 694 278 717 361 13 1 0 1 "person"
0 694 278 717 361 14 1 0 1 "person"
0 694 278 717 361 15 1 0 1 "person"
0 694 278 717 361 16 1 0 1 "person"
0 694 278 717 361 17 1 0 1 "person"
0 694 278 717 361 18 1 0 1 "person"
0 694 278 717 361 19 1 0 1 "person"
0 694 278 717 361 20 1 0 1 "person"
0 694 278 717 361 21 1 0 1 "person"
0 694 278 717 361 22 1 0 1 "person"
0 694 278 717 361 23 1 0 1 "person"
0 694 278 717 361 24 1 0 1 "person"
0 694 278 717 361 25 1 0 1 "person"
0 694 278 717 361 26 1 0 1 "person"
0 694 278 717 361 27 1 0 1 "person"
0 694 278 717 361 28 1 0 1 "person"
0 694 278 717 361 29 1 0 1 "person"
0 694 278 717 361 30 1 0 1 "person"
0 694 278 717 361 31 1 0 1 "person"
0 694 278 717 361 32 1 0 1 "person"
0 694 278 717 361 33 1 0 1 "person"
0 694 278 717 361 34 1 0 1 "person"
0 694 278 717 361 35 1 0 1 "person"
0 694 278 717 361 36 1 0 1 "person"
0 694 278 717 361 37 1 0 1 "person"
0 694 278 717 361 38 1 0 1 "person"
0 694 278 717 361 39 1 0 1 "person"
0 694 278 717 361 40 1 0 1 "person"
0 694 278 717 361 41 1 0 1 "person"
0 694 278 717 361 42 1 0 1 "person"
0 694 278 717 361 43 1 0 1 "person"
0 694 278 717 361 44 1 0 1 "person"
0 694 278 717 361 45 1 0 1 "person"
0 694 278 717 361 46 1 0 1 "person"
0 694 278 717 361 47 1 0 1 "person"
0 694 278 717 361 48 1 0 1 "person"
0 694 278 717 361 49 1 0 1 "person"
0 694 278 717 361 50 1 0 1 "person"
0 693 278 717 361 51 1 0 1 "person"
0 693 278 717 361 52 1 0 1 "person"
0 693 278 717 361 53 1 0 1 "person"
0 693 278 717 361 54 1 0 1 "person"
0 693 278 717 361 55 1 0 1 "person"
0 693 278 717 361 56 1 0 1 "person"
0 693 278 717 361 57 1 0 1 "person"
0 693 278 717 361 58 1 0 1 "person"
0 693 278 717 361 59 1 0 1 "person"
0 693 278 717 361 60 1 0 1 "person"
0 693 278 717 361 61 1 0 1 "person"
0 693 278 717 361 62 1 0 1 "person"
0 693 278 717 361 63 1 0 1 "person"
0 693 278 717 361 64 1 0 1 "person"
0 693 278 717 361 65 1 0 1 "person"
0 693 278 717 361 66 1 0 1 "person"
0 693 278 717 361 67 1 0 1 "person"
0 693 278 717 361 68 1 0 1 "person"
0 693 278 717 361 69 1 0 1 "person"
0 693 278 717 361 70 1 0 1 "person"
0 693 278 717 361 71 1 0 1 "person"
0 693 278 717 361 72 1 0 1 "person"
0 693 278 717 361 73 1 0 1 "person"
0 693 278 717 361 74 1 0 1 "person"
0 693 278 717 361 75 1 0 1 "person"
0 693 278 717 361 76 1 0 1 "person"
0 693 278 717 361 77 1 0 1 "person"
0 693 278 717 361 78 1 0 1 "person"
0 693 278 717 361 79 1 0 1 "person"
0 693 278 717 361 80 1 0 1 "person"
0 693 278 717 361 81 1 0 1 "person"
0 693 278 717 361 82 1 0 1 "person"
0 693 278 717 361 83 1 0 1 "person"
0 693 278 717 361 84 1 0 1 "person"
0 693 278 717 361 85 1 0 1 "person"
0 693 278 717 361 86 1 0 1 "person"
0 693 278 717 361 87 1 0 1 "person"
0 693 278 717 361 88 1 0 1 "person"
0 693 278 717 361 89 1 0 1 "person"
0 693 278 717 361 90 1 0 1 "person"
0 693 278 717 361 91 1 0 1 "person"
0 693 278 717 361 92 1 0 1 "person"
0 693 278 717 361 93 1 0 1 "person"
0 693 278 717 361 94 1 0 1 "person"
0 693 278 717 361 95 1 0 1 "person"
0 693 278 717 361 96 1 0 1 "person"
0 693 278 717 361 97 1 0 1 "person"
0 693 278 717 361 98 1 0 1 "person"
0 693 278 717 361 99 1 0 1 "person"
0 693 278 718 362 100 0 0 0 "person"
0 691 278 716 361 101 0 0 1 "person"
0 689 278 714 361 102 0 0 1 "person"
0 687 278 713 361 103 0 0 1 "person"
0 685 278 711 361 104 0 0 1 "person"
0 683 278 709 361 105 0 0 1 "person"
0 682 278 708 361 106 0 0 1 "person"
0 680 278 706 361 107 0 0 1 "person"
0 678 278 704 361 108 0 0 1 "person"
0 676 278 703 361 109 0 0 1 "person"
0 674 278 701 361 110 0 0 1 "person"
0 672 278 699 361 111 0 0 1 "person"
0 671 278 698 361 112 0 0 1 "person"
0 669 278 696 361 113 0 0 1 "person"
0 667 278 695 361 114 0 0 1 "person"
0 665 278 693 361 115 0 0 1 "person"
0 663 278 691 361 116 0 0 1 "person"
0 661 278 690 361 117 0 0 1 "person"
0 660 278 688 361 118 0 0 1 "person"
0 658 278 686 361 119 0 0 1 "person"
0 656 278 685 361 120 0 0 1 "person"
0 654 278 683 361 121 0 0 1 "person"
0 652 278 681 361 122 0 0 1 "person"
0 650 278 680 361 123 0 0 1 "person"
0 649 278 678 361 124 0 0 1 "person"
0 647 278 677 361 125 0 0 1 "person"
0 645 278 675 361 126 0 0 1 "person"
0 643 278 673 361 127 0 0 1 "person"
0 641 278 672 361 128 0 0 1 "person"
0 639 278 670 361 129 0 0 1 "person"
0 638 278 668 361 130 0 0 1 "person"
0 636 278 667 361 131 0 0 1 "person"
0 634 278 665 361 132 0 0 1 "person"
0 632 278 663 361 133 0 0 1 "person"
0 630 278 662 361 134 0 0 1 "person"
0 628 278 660 361 135 0 0 1 "person"
0 627 278 659 361 136 0 0 0 "person"
0 625 277 657 360 137 0 0 1 "person"
0 623 277 655 360 138 0 0 1 "person"
0 622 277 654 360 139 0 0 1 "person"
0 620 277 652 360 140 0 0 1 "person"
0 618 277 651 359 141 0 0 1 "person"
0 617 277 649 359 142 0 0 1 "person"
0 615 277 648 359 143 0 0 1 "person"
0 613 276 646 359 144 0 0 1 "person"
0 612 276 645 359 145 0 0 1 "person"
0 610 276 643 358 146 0 0 1 "person"
0 608 276 642 358 147 0 0 1 "person"
0 607 276 640 358 148 0 0 1 "person"
0 605 276 639 358 149 0 0 1 "person"
0 603 276 637 357 150 0 0 1 "person"
0 602 276 636 357 151 0 0 1 "person"
0 600 275 634 357 152 0 0 1 "person"
0 598 275 633 357 153 0 0 1 "person"
0 597 275 631 357 154 0 0 1 "person"
0 595 275 630 356 155 0 0 1 "person"
0 593 275 628 356 156 0 0 1 "person"
0 592 275 627 356 157 0 0 1 "person"
0 590 275 625 356 158 0 0 1 "person"
0 589 275 624 356 159 0 0 0 "person"
0 588 274 623 355 160 0 0 1 "person"
0 588 274 622 355 161 0 0 1 "person"
0 587 274 621 355 162 0 0 1 "person"
0 587 274 620 354 163 0 0 1 "person"
0 586 274 619 354 164 0 0 1 "person"
0 586 274 618 354 165 0 0 1 "person"
0 586 274 617 354 166 0 0 1 "person"
0 585 274 616 353 167 0 0 1 "person"
0 585 274 615 353 168 0 0 1 "person"
0 584 274 614 353 169 0 0 1 "person"
0 584 273 614 352 170 0 0 1 "person"
0 583 273 613 352 171 0 0 1 "person"
0 583 273 612 352 172 0 0 1 "person"
0 583 273 611 352 173 0 0 1 "person"
0 582 273 610 351 174 0 0 1 "person"
0 582 273 609 351 175 0 0 1 "person"
0 581 273 608 351 176 0 0 1 "person"
0 581 273 607 350 177 0 0 1 "person"
0 580 273 606 350 178 0 0 1 "person"
0 580 273 605 350 179 0 0 1 "person"
0 580 273 605 350 180 0 0 0 "person"
0 580 273 605 351 181 0 0 1 "person"
0 580 273 605 352 182 0 0 1 "person"
0 581 273 605 353 183 0 0 1 "person"
0 581 273 605 354 184 0 0 1 "person"
0 581 273 605 355 185 0 0 1 "person"
0 582 274 606 356 186 0 0 0 "person"
0 581 274 605 355 187 0 0 1 "person"
0 581 274 605 355 188 0 0 1 "person"
0 581 274 605 355 189 0 0 1 "person"
0 581 274 605 355 190 0 0 1 "person"
0 581 274 605 355 191 0 0 1 "person"
0 581 274 605 355 192 0 0 1 "person"
0 581 274 605 355 193 0 0 1 "person"
0 580 274 605 355 194 0 0 1 "person"
0 580 274 605 355 195 0 0 1 "person"
0 580 274 605 355 196 0 0 1 "person"
0 580 274 605 355 197 0 0 1 "person"
0 580 274 605 355 198 0 0 1 "person"
0 580 274 605 355 199 0 0 1 "person"
0 580 274 605 355 200 0 0 1 "person"
0 580 274 605 355 201 0 0 1 "person"
0 579 274 605 355 202 0 0 1 "person"
0 579 274 605 355 203 0 0 1 "person"
0 579 274 605 355 204 0 0 1 "person"
0 579 274 605 355 205 0 0 1 "person"
0 579 274 605 355 206 0 0 1 "person"
0 579 274 604 355 207 0 0 1 "person"
0 579 274 604 355 208 0 0 1 "person"
0 578 274 604 355 209 0 0 1 "person"
0 578 274 604 355 210 0 0 1 "person"
0 578 274 604 355 211 0 0 1 "person"
0 578 274 604 355 212 0 0 1 "person"
0 578 274 604 355 213 0 0 1 "person"
0 578 274 604 355 214 0 0 1 "person"
0 578 274 604 355 215 0 0 1 "person"
0 578 274 604 355 216 0 0 1 "person"
0 577 275 604 355 217 0 0 1 "person"
0 577 275 604 355 218 0 0 1 "person"
0 577 275 604 355 219 0 0 1 "person"
0 577 275 604 355 220 0 0 1 "person"
0 577 275 604 355 221 0 0 1 "person"
0 577 275 604 355 222 0 0 1 "person"
0 577 275 604 355 223 0 0 1 "person"
0 577 275 604 355 224 0 0 1 "person"
0 576 275 604 355 225 0 0 1 "person"
0 576 275 604 355 226 0 0 1 "person"
0 576 275 603 355 227 0 0 1 "person"
0 576 275 603 355 228 0 0 1 "person"
0 576 275 603 355 229 0 0 1 "person"
0 576 275 603 355 230 0 0 1 "person"
0 576 275 603 355 231 0 0 1 "person"
0 575 275 603 355 232 0 0 1 "person"
0 575 275 603 355 233 0 0 1 "person"
0 575 275 603 355 234 0 0 1 "person"
0 575 275 603 355 235 0 0 1 "person"
0 575 275 603 355 236 0 0 1 "person"
0 575 275 603 355 237 0 0 1 "person"
0 575 275 603 355 238 0 0 1 "person"
0 575 275 603 355 239 0 0 1 "person"
0 574 275 603 355 240 0 0 1 "person"
0 574 275 603 355 241 0 0 1 "person"
0 574 275 603 355 242 0 0 1 "person"
0 574 275 603 355 243 0 0 1 "person"
0 574 275 603 355 244 0 0 1 "person"
0 574 275 603 355 245 0 0 1 "person"
0 574 275 603 355 246 0 0 1 "person"
0 574 276 603 355 247 0 0 0 "person"
0 573 275 602 354 248 0 0 1 "person"
0 573 275 602 354 249 0 0 1 "person"
0 573 275 602 354 250 0 0 1 "person"
0 573 275 601 354 251 0 0 1 "person"
0 573 274 601 353 252 0 0 1 "person"
0 573 274 601 353 253 0 0 1 "person"
0 573 274 600 353 254 0 0 1 "person"
0 573 274 600 353 255 0 0 1 "person"
0 573 274 600 353 256 0 0 1 "person"
0 573 273 600 352 257 0 0 1 "person"
0 573 273 599 352 258 0 0 1 "person"
0 573 273 599 352 259 0 0 1 "person"
0 572 273 599 352 260 0 0 1 "person"
0 572 273 598 352 261 0 0 1 "person"
0 572 272 598 351 262 0 0 1 "person"
0 572 272 598 351 263 0 0 1 "person"
0 572 272 598 351 264 0 0 1 "person"
0 572 272 597 351 265 0 0 1 "person"
0 572 272 597 351 266 0 0 1 "person"
0 572 271 597 350 267 0 0 1 "person"
0 572 271 596 350 268 0 0 1 "person"
0 572 271 596 350 269 0 0 1 "person"
0 572 271 596 350 270 0 0 1 "person"
0 572 271 596 350 271 0 0 0 "person"
0 571 271 595 350 272 0 0 1 "person"
0 571 271 595 350 273 0 0 1 "person"
0 571 271 595 350 274 0 0 1 "person"
0 571 271 595 350 275 0 0 1 "person"
0 571 271 595 350 276 0 0 1 "person"
0 571 271 595 350 277 0 0 1 "person"
0 571 271 595 350 278 0 0 1 "person"
0 571 271 595 350 279 0 0 1 "person"
0 571 271 595 350 280 0 0 1 "person"
0 571 271 595 350 281 0 0 1 "person"
0 571 271 595 350 282 0 0 1 "person"
0 571 271 595 350 283 0 0 1 "person"
0 570 271 594 350 284 0 0 1 "person"
0 570 271 594 350 285 0 0 1 "person"
0 570 271 594 350 286 0 0 1 "person"
0 570 271 594 350 287 0 0 1 "person"
0 570 271 594 350 288 0 0 1 "person"
0 570 271 594 350 289 0 0 1 "person"
0 570 271 594 350 290 0 0 1 "person"
0 570 271 594 350 291 0 0 1 "person"
0 570 271 594 350 292 0 0 1 "person"
0 570 271 594 350 293 0 0 1 "person"
0 570 271 594 350 294 0 0 1 "person"
0 570 271 594 350 295 0 0 1 "person"
0 570 271 594 350 296 0 0 1 "person"
0 569 271 593 350 297 0 0 1 "person"
0 569 271 593 350 298 0 0 1 "person"
0 569 271 593 350 299 0 0 1 "person"
0 569 271 593 350 300 0 0 1 "person"
0 569 271 593 350 301 0 0 1 "person"
0 569 271 593 350 302 0 0 1 "person"
0 569 271 593 350 303 0 0 1 "person"
0 569 271 593 350 304 0 0 1 "person"
0 569 271 593 350 305 0 0 1 "person"
0 569 271 593 350 306 0 0 1 "person"
0 569 271 593 350 307 0 0 1 "person"
0 569 271 593 350 308 0 0 1 "person"
0 568 271 592 350 309 0 0 1 "person"
0 568 271 592 350 310 0 0 1 "person"
0 568 271 592 350 311 0 0 1 "person"
0 568 271 592 350 312 0 0 1 "person"
0 568 271 592 350 313 0 0 1 "person"
0 568 271 592 350 314 0 0 1 "person"
0 568 271 592 350 315 0 0 1 "person"
0 568 271 592 350 316 0 0 1 "person"
0 568 271 592 350 317 0 0 1 "person"
0 568 271 592 350 318 0 0 1 "person"
0 568 271 592 350 319 0 0 1 "person"
0 568 271 592 350 320 0 0 1 "person"
0 568 272 592 350 321 0 0 0 "person"
1 683 301 719 381 0 1 0 0 "person"
1 683 301 718 380 1 1 0 1 "person"
1 683 301 718 380 2 1 0 1 "person"
1 683 301 718 380 3 1 0 1 "person"
1 683 301 718 380 4 1 0 1 "person"
1 683 301 718 380 5 1 0 1 "person"
1 683 301 718 380 6 1 0 1 "person"
1 683 301 718 380 7 1 0 1 "person"
1 683 301 718 380 8 1 0 1 "person"
1 683 301 718 380 9 1 0 1 "person"
1 683 301 718 380 10 1 0 1 "person"
1 684 301 718 380 11 1 0 1 "person"
1 684 301 718 380 12 1 0 1 "person"
1 684 301 718 380 13 1 0 1 "person"
1 684 301 718 380 14 1 0 1 "person"
1 684 301 718 380 15 1 0 1 "person"
1 684 301 718 380 16 1 0 1 "person"
1 684 301 718 380 17 1 0 1 "person"
1 684 301 718 380 18 1 0 1 "person"
1 684 301 718 380 19 1 0 1 "person"
1 684 301 718 380 20 1 0 1 "person"
1 684 301 718 380 21 1 0 1 "person"
1 685 301 718 380 22 1 0 1 "person"
1 685 301 718 380 23 1 0 1 "person"
1 685 301 718 380 24 1 0 1 "person"
1 685 301 718 380 25 1 0 1 "person"
1 685 301 718 380 26 1 0 1 "person"
1 685 301 718 380 27 1 0 1 "person"
1 685 301 718 380 28 1 0 1 "person"
1 685 301 718 380 29 1 0 1 "person"
1 685 301 718 380 30 1 0 1 "person"
1 685 301 718 380 31 1 0 1 "person"
1 685 301 718 380 32 1 0 1 "person"
1 686 301 718 380 33 1 0 1 "person"
1 686 301 718 380 34 1 0 1 "person"
1 686 301 718 380 35 1 0 1 "person"
1 686 301 718 380 36 1 0 1 "person"
1 686 301 718 380 37 1 0 1 "person"
1 686 301 718 380 38 1 0 1 "person"
1 686 301 718 380 39 1 0 1 "person"
1 686 301 718 380 40 1 0 1 "person"
1 686 301 718 380 41 1 0 1 "person"
1 686 301 718 380 42 1 0 1 "person"
1 686 301 718 380 43 1 0 1 "person"
1 687 301 718 380 44 1 0 1 "person"
1 687 301 718 380 45 1 0 1 "person"
1 687 301 718 380 46 1 0 1 "person"
1 687 301 718 380 47 1 0 1 "person"
1 687 301 718 380 48 1 0 1 "person"
1 687 301 718 380 49 1 0 1 "person"
1 687 301 718 380 50 1 0 1 "person"
1 687 301 718 380 51 1 0 1 "person"
1 687 301 718 380 52 1 0 1 "person"
1 687 301 718 380 53 1 0 1 "person"
1 688 301 718 380 54 0 0 0 "person"
1 686 300 716 379 55 0 0 1 "person"
1 684 300 714 379 56 0 0 1 "person"
1 682 300 712 379 57 0 0 1 "person"
1 680 299 710 378 58 0 0 1 "person"
1 678 299 708 378 59 0 0 1 "person"
1 676 299 707 378 60 0 0 1 "person"
1 674 299 705 378 61 0 0 1 "person"
1 673 298 703 377 62 0 0 1 "person"
1 671 298 701 377 63 0 0 1 "person"
1 669 298 699 377 64 0 0 1 "person"
1 667 298 698 376 65 0 0 1 "person"
1 665 297 696 376 66 0 0 1 "person"
1 663 297 694 376 67 0 0 1 "person"
1 661 297 692 376 68 0 0 1 "person"
1 660 297 690 375 69 0 0 1 "person"
1 658 296 688 375 70 0 0 1 "person"
1 656 296 687 375 71 0 0 1 "person"
1 654 296 685 374 72 0 0 1 "person"
1 652 295 683 374 73 0 0 1 "person"
1 650 295 681 374 74 0 0 1 "person"
1 648 295 679 374 75 0 0 1 "person"
1 646 295 678 373 76 0 0 1 "person"
1 645 294 676 373 77 0 0 1 "person"
1 643 294 674 373 78 0 0 1 "person"
1 641 294 672 373 79 0 0 1 "person"
1 639 294 670 372 80 0 0 1 "person"
1 637 293 669 372 81 0 0 1 "person"
1 635 293 667 372 82 0 0 1 "person"
1 633 293 665 371 83 0 0 1 "person"
1 632 293 663 371 84 0 0 1 "person"
1 630 292 661 371 85 0 0 1 "person"
1 628 292 659 371 86 0 0 1 "person"
1 626 292 658 370 87 0 0 1 "person"
1 624 291 656 370 88 0 0 1 "person"
1 622 291 654 370 89 0 0 1 "person"
1 620 291 652 369 90 0 0 1 "person"
1 618 291 650 369 91 0 0 1 "person"
1 617 290 649 369 92 0 0 1 "person"
1 615 290 647 369 93 0 0 1 "person"
1 613 290 645 368 94 0 0 1 "person"
1 611 290 643 368 95 0 0 1 "person"
1 609 289 641 368 96 0 0 1 "person"
1 607 289 640 367 97 0 0 1 "person"
1 605 289 638 367 98 0 0 1 "person"
1 604 289 636 367 99 0 0 1 "person"
1 602 288 634 367 100 0 0 1 "person"
1 600 288 632 366 101 0 0 1 "person"
1 598 288 630 366 102 0 0 1 "person"
1 596 287 629 366 103 0 0 1 "person"
1 594 287 627 366 104 0 0 1 "person"
1 592 287 625 365 105 0 0 1 "person"
1 590 287 623 365 106 0 0 1 "person"
1 589 286 621 365 107 0 0 1 "person"
1 587 286 620 364 108 0 0 1 "person"
1 585 286 618 364 109 0 0 1 "person"
1 583 286 616 364 110 0 0 1 "person"
1 581 285 614 364 111 0 0 1 "person"
1 579 285 612 363 112 0 0 1 "person"
1 577 285 611 363 113 0 0 1 "person"
1 576 285 609 363 114 0 0 1 "person"
1 574 284 607 362 115 0 0 1 "person"
1 572 284 605 362 116 0 0 1 "person"
1 570 284 603 362 117 0 0 1 "person"
1 568 283 601 362 118 0 0 1 "person"
1 566 283 600 361 119 0 0 1 "person"
1 564 283 598 361 120 0 0 1 "person"
1 562 283 596 361 121 0 0 1 "person"
1 561 282 594 360 122 0 0 1 "person"
1 559 282 592 360 123 0 0 1 "person"
1 557 282 591 360 124 0 0 1 "person"
1 555 282 589 360 125 0 0 1 "person"
1 553 281 587 359 126 0 0 1 "person"
1 551 281 585 359 127 0 0 1 "person"
1 549 281 583 359 128 0 0 1 "person"
1 548 281 582 359 129 0 0 0 "person"
1 546 280 580 358 130 0 0 1 "person"
1 545 280 578 358 131 0 0 1 "person"
1 543 280 577 358 132 0 0 1 "person"
1 542 280 575 358 133 0 0 1 "person"
1 540 279 574 357 134 0 0 1 "person"
1 539 279 572 357 135 0 0 1 "person"
1 537 279 571 357 136 0 0 1 "person"
1 536 279 569 357 137 0 0 1 "person"
1 534 278 568 357 138 0 0 1 "person"
1 533 278 566 356 139 0 0 1 "person"
1 532 278 565 356 140 0 0 1 "person"
1 530 278 563 356 141 0 0 1 "person"
1 529 277 562 356 142 0 0 1 "person"
1 527 277 560 355 143 0 0 1 "person"
1 526 277 559 355 144 0 0 1 "person"
1 524 277 557 355 145 0 0 1 "person"
1 523 276 556 355 146 0 0 1 "person"
1 521 276 554 355 147 0 0 1 "person"
1 520 276 552 354 148 0 0 1 "person"
1 518 276 551 354 149 0 0 1 "person"
1 517 276 549 354 150 0 0 1 "person"
1 516 275 548 354 151 0 0 1 "person"
1 514 275 546 353 152 0 0 1 "person"
1 513 275 545 353 153 0 0 1 "person"
1 511 275 543 353 154 0 0 1 "person"
1 510 274 542 353 155 0 0 1 "person"
1 508 274 540 353 156 0 0 1 "person"
1 507 274 539 352 157 0 0 1 "person"
1 505 274 537 352 158 0 0 1 "person"
1 504 273 536 352 159 0 0 1 "person"
1 502 273 534 352 160 0 0 1 "person"
1 501 273 533 352 161 0 0 1 "person"
1 500 273 531 351 162 0 0 1 "person"
1 498 272 530 351 163 0 0 1 "person"
1 497 272 528 351 164 0 0 1 "person"
1 495 272 527 351 165 0 0 1 "person"
1 494 272 525 350 166 0 0 1 "person"
1 492 272 523 350 167 0 0 1 "person"
1 491 271 522 350 168 0 0 1 "person"
1 489 271 520 350 169 0 0 1 "person"
1 488 271 519 350 170 0 0 1 "person"
1 486 271 517 349 171 0 0 1 "person"
1 485 270 516 349 172 0 0 1 "person"
1 484 270 514 349 173 0 0 1 "person"
1 482 270 513 349 174 0 0 1 "person"
1 481 270 511 348 175 0 0 1 "person"
1 479 269 510 348 176 0 0 1 "person"
1 478 269 508 348 177 0 0 1 "person"
1 476 269 507 348 178 0 0 1 "person"
1 475 269 505 348 179 0 0 1 "person"
1 473 268 504 347 180 0 0 1 "person"
1 472 268 502 347 181 0 0 1 "person"
1 470 268 501 347 182 0 0 1 "person"
1 469 268 499 347 183 0 0 1 "person"
1 468 268 498 347 184 0 0 0 "person"
1 467 267 497 346 185 0 0 1 "person"
1 466 266 496 345 186 0 0 1 "person"
1 466 266 496 345 187 0 0 1 "person"
1 465 265 495 344 188 0 0 1 "person"
1 464 264 494 343 189 0 0 1 "person"
1 464 264 494 343 190 0 0 1 "person"
1 463 263 493 342 191 0 0 1 "person"
1 462 262 492 341 192 0 0 1 "person"
1 462 262 492 341 193 0 0 0 "person"
1 460 262 490 340 194 0 0 1 "person"
1 458 262 488 339 195 0 0 1 "person"
1 456 262 486 339 196 0 0 1 "person"
1 455 263 484 338 197 0 0 1 "person"
1 453 263 482 337 198 0 0 1 "person"
1 451 263 480 337 199 0 0 1 "person"
1 449 263 478 336 200 0 0 1 "person"
1 448 264 477 336 201 0 0 0 "person"
1 446 264 476 337 202 0 0 1 "person"
1 445 264 475 338 203 0 0 1 "person"
1 444 264 474 340 204 0 0 1 "person"
1 443 264 473 341 205 0 0 1 "person"
1 442 264 472 343 206 0 1 0 "person"
1 440 264 470 342 207 0 1 1 "person"
1 438 264 468 342 208 0 1 1 "person"
1 437 264 466 341 209 0 1 1 "person"
1 435 264 465 341 210 0 1 1 "person"
1 433 264 463 341 211 0 1 1 "person"
1 432 264 461 340 212 0 1 1 "person"
1 430 264 460 340 213 0 1 1 "person"
1 428 264 458 340 214 0 1 1 "person"
1 427 265 456 339 215 0 1 1 "person"
1 425 265 455 339 216 0 1 1 "person"
1 423 265 453 339 217 0 1 1 "person"
1 422 265 451 338 218 0 1 1 "person"
1 420 265 450 338 219 0 1 1 "person"
1 419 265 448 337 220 0 1 1 "person"
1 417 265 446 337 221 0 1 1 "person"
1 415 265 445 337 222 0 1 1 "person"
1 414 266 443 336 223 0 1 1 "person"
1 412 266 441 336 224 0 1 1 "person"
1 410 266 440 336 225 0 1 1 "person"
1 409 266 438 335 226 0 1 1 "person"
1 407 266 436 335 227 0 1 1 "person"
1 405 266 435 335 228 0 1 1 "person"
1 404 266 433 334 229 0 1 1 "person"
1 402 266 431 334 230 0 1 1 "person"
1 401 267 430 334 231 0 1 0 "person"
1 401 266 430 335 232 0 1 1 "person"
1 402 266 431 336 233 0 1 1 "person"
1 402 266 432 337 234 0 1 1 "person"
1 403 266 433 338 235 0 1 0 "person"
1 401 265 431 337 236 0 1 1 "person"
1 399 265 429 337 237 0 1 1 "person"
1 398 265 428 337 238 0 1 1 "person"
1 396 265 426 337 239 0 1 1 "person"
1 395 265 425 336 240 0 1 1 "person"
1 393 265 423 336 241 0 1 1 "person"
1 392 265 421 336 242 0 1 1 "person"
1 390 265 420 336 243 0 1 1 "person"
1 388 264 418 335 244 0 1 1 "person"
1 387 264 417 335 245 0 1 1 "person"
1 385 264 415 335 246 0 1 1 "person"
1 384 264 414 335 247 0 1 1 "person"
1 382 264 412 335 248 0 1 1 "person"
1 381 264 410 334 249 0 1 1 "person"
1 379 264 409 334 250 0 1 1 "person"
1 378 264 407 334 251 0 1 1 "person"
1 376 263 406 334 252 0 1 1 "person"
1 374 263 404 333 253 0 1 1 "person"
1 373 263 403 333 254 0 1 1 "person"
1 371 263 401 333 255 0 1 1 "person"
1 370 263 399 333 256 0 1 1 "person"
1 368 263 398 333 257 0 1 1 "person"
1 367 263 396 332 258 0 1 1 "person"
1 365 263 395 332 259 0 1 1 "person"
1 363 262 393 332 260 0 1 1 "person"
1 362 262 392 332 261 0 1 1 "person"
1 360 262 390 331 262 0 1 1 "person"
1 359 262 388 331 263 0 1 1 "person"
1 357 262 387 331 264 0 1 1 "person"
1 356 262 385 331 265 0 1 1 "person"
1 354 262 384 330 266 0 1 1 "person"
1 353 262 382 330 267 0 1 1 "person"
1 351 262 381 330 268 0 1 1 "person"
1 349 261 379 330 269 0 1 1 "person"
1 348 261 377 330 270 0 1 1 "person"
1 346 261 376 329 271 0 1 1 "person"
1 345 261 374 329 272 0 1 1 "person"
1 343 261 373 329 273 0 1 1 "person"
1 342 261 371 329 274 0 1 1 "person"
1 340 261 369 328 275 0 1 1 "person"
1 339 261 368 328 276 0 1 1 "person"
1 337 260 366 328 277 0 1 1 "person"
1 335 260 365 328 278 0 1 1 "person"
1 334 260 363 328 279 0 1 1 "person"
1 332 260 362 327 280 0 1 1 "person"
1 331 260 360 327 281 0 1 1 "person"
1 329 260 358 327 282 0 1 1 "person"
1 328 260 357 327 283 0 1 1 "person"
1 326 260 355 326 284 0 1 1 "person"
1 324 259 354 326 285 0 1 1 "person"
1 323 259 352 326 286 0 1 1 "person"
1 321 259 351 326 287 0 1 1 "person"
1 320 259 349 325 288 0 1 1 "person"
1 318 259 347 325 289 0 1 1 "person"
1 317 259 346 325 290 0 1 1 "person"
1 315 259 344 325 291 0 1 1 "person"
1 314 259 343 325 292 0 1 1 "person"
1 312 258 341 324 293 0 1 1 "person"
1 310 258 340 324 294 0 1 1 "person"
1 309 258 338 324 295 0 1 1 "person"
1 307 258 336 324 296 0 1 1 "person"
1 306 258 335 323 297 0 1 1 "person"
1 304 258 333 323 298 0 1 1 "person"
1 303 258 332 323 299 0 1 1 "person"
1 301 258 330 323 300 0 1 1 "person"
1 300 258 329 323 301 0 1 0 "person"
1 298 257 327 324 302 0 1 1 "person"
1 296 257 326 325 303 0 1 1 "person"
1 295 257 324 326 304 0 1 1 "person"
1 293 257 323 327 305 0 1 1 "person"
1 292 257 321 328 306 0 1 1 "person"
1 290 257 320 329 307 0 1 1 "person"
1 288 257 318 330 308 0 1 1 "person"
1 287 257 317 331 309 0 1 1 "person"
1 285 257 315 332 310 0 1 1 "person"
1 284 257 314 333 311 0 1 1 "person"
1 282 257 312 334 312 0 1 1 "person"
1 281 257 311 336 313 0 1 0 "person"
1 278 257 308 334 314 0 1 1 "person"
1 276 258 306 332 315 0 1 1 "person"
1 274 258 303 331 316 0 1 1 "person"
1 272 259 301 329 317 0 1 1 "person"
1 270 259 299 327 318 0 1 1 "person"
1 268 260 296 326 319 0 1 1 "person"
1 266 260 294 324 320 0 1 1 "person"
1 264 261 292 323 321 0 1 0 "person"
