0 207 77 299 126 0 0 0 0 "car"
0 209 77 301 126 1 0 0 1 "car"
0 212 78 304 127 2 0 0 1 "car"
0 214 79 307 128 3 0 0 1 "car"
0 217 79 310 128 4 0 0 1 "car"
0 219 80 312 129 5 0 0 1 "car"
0 222 81 315 130 6 0 0 1 "car"
0 224 82 318 131 7 0 0 1 "car"
0 227 82 321 131 8 0 0 1 "car"
0 229 83 324 132 9 0 0 1 "car"
0 232 84 326 133 10 0 0 1 "car"
0 234 84 329 133 11 0 0 1 "car"
0 237 85 332 134 12 0 0 1 "car"
0 239 86 335 135 13 0 0 1 "car"
0 242 87 338 136 14 0 0 0 "car"
0 244 87 341 136 15 0 0 1 "car"
0 247 88 344 137 16 0 0 1 "car"
0 250 89 347 138 17 0 0 1 "car"
0 253 90 350 139 18 0 0 1 "car"
0 256 91 354 140 19 0 0 1 "car"
0 259 91 357 141 20 0 0 1 "car"
0 262 92 360 142 21 0 0 1 "car"
0 264 93 363 143 22 0 0 1 "car"
0 267 94 366 143 23 0 0 1 "car"
0 270 95 370 144 24 0 0 1 "car"
0 273 95 373 145 25 0 0 1 "car"
0 276 96 376 146 26 0 0 1 "car"
0 279 97 379 147 27 0 0 1 "car"
0 282 98 382 148 28 0 0 1 "car"
0 284 99 386 149 29 0 0 1 "car"
0 287 99 389 150 30 0 0 1 "car"
0 290 100 392 151 31 0 0 1 "car"
0 293 101 395 151 32 0 0 1 "car"
0 296 102 398 152 33 0 0 1 "car"
0 299 103 402 153 34 0 0 1 "car"
0 302 103 405 154 35 0 0 1 "car"
0 304 104 408 155 36 0 0 1 "car"
0 307 105 411 156 37 0 0 1 "car"
0 310 106 414 157 38 0 0 1 "car"
0 313 107 418 158 39 0 0 1 "car"
0 316 107 421 159 40 0 0 1 "car"
0 319 108 424 159 41 0 0 1 "car"
0 322 109 427 160 42 0 0 1 "car"
0 324 110 430 161 43 0 0 1 "car"
0 327 111 434 162 44 0 0 1 "car"
0 330 111 437 163 45 0 0 1 "car"
0 333 112 440 164 46 0 0 1 "car"
0 336 113 443 165 47 0 0 1 "car"
0 339 114 446 166 48 0 0 1 "car"
0 342 115 450 167 49 0 0 0 "car"
0 345 115 453 168 50 0 0 1 "car"
0 348 115 457 169 51 0 0 1 "car"
0 352 116 461 170 52 0 0 1 "car"
0 355 116 464 171 53 0 0 1 "car"
0 358 116 468 172 54 0 0 1 "car"
0 362 117 472 173 55 0 0 1 "car"
0 365 117 475 174 56 0 0 1 "car"
0 368 117 479 175 57 0 0 1 "car"
0 372 118 483 176 58 0 0 0 "car"
0 375 119 487 176 59 0 0 1 "car"
0 378 120 492 177 60 0 0 1 "car"
0 381 122 497 178 61 0 0 1 "car"
0 384 123 502 179 62 0 0 1 "car"
0 388 125 507 180 63 0 0 0 "car"
0 391 125 507 180 64 0 0 1 "car"
0 395 126 508 181 65 0 0 1 "car"
0 399 126 509 181 66 0 0 1 "car"
0 403 127 510 182 67 1 0 0 "car"
0 405 127 510 183 68 1 0 1 "car"
0 408 127 510 184 69 1 0 1 "car"
0 411 128 510 185 70 1 0 0 "car"
0 411 128 510 185 71 1 0 1 "car"
0 411 128 510 185 72 1 0 1 "car"
0 411 128 510 185 73 1 0 1 "car"
0 411 128 510 185 74 1 0 1 "car"
0 411 128 510 185 75 1 0 1 "car"
0 411 128 510 185 76 1 0 1 "car"
0 411 128 510 185 77 1 0 1 "car"
0 411 128 510 185 78 1 0 1 "car"
0 411 128 510 185 79 1 0 1 "car"
0 411 128 510 185 80 1 0 1 "car"
0 411 128 510 185 81 1 0 1 "car"
0 411 128 510 185 82 1 0 1 "car"
0 411 128 510 185 83 1 0 1 "car"
0 411 128 510 185 84 1 0 1 "car"
0 411 128 510 185 85 1 0 1 "car"
0 411 128 510 185 86 1 0 1 "car"
0 411 128 510 185 87 1 0 1 "car"
0 411 128 510 185 88 1 0 1 "car"
0 411 128 510 185 89 1 0 1 "car"
0 411 128 510 185 90 1 0 1 "car"
0 411 128 510 185 91 1 0 1 "car"
0 411 128 510 185 92 1 0 1 "car"
0 411 128 510 185 93 1 0 1 "car"
0 411 128 510 185 94 1 0 1 "car"
0 411 128 510 185 95 1 0 1 "car"
0 411 128 510 185 96 1 0 1 "car"
0 411 128 510 185 97 1 0 1 "car"
0 411 128 510 185 98 1 0 1 "car"
0 411 128 510 185 99 1 0 1 "car"
0 411 128 510 185 100 1 0 1 "car"
0 411 128 510 185 101 1 0 1 "car"
0 411 128 510 185 102 1 0 1 "car"
0 411 128 510 185 103 1 0 1 "car"
0 411 128 510 185 104 1 0 1 "car"
0 411 128 510 185 105 1 0 1 "car"
0 411 128 510 185 106 1 0 1 "car"
0 411 128 510 185 107 1 0 1 "car"
0 411 128 510 185 108 1 0 1 "car"
0 411 128 510 185 109 1 0 1 "car"
0 411 128 510 185 110 1 0 1 "car"
0 411 128 510 185 111 1 0 1 "car"
0 411 128 510 185 112 1 0 1 "car"
0 411 128 510 185 113 1 0 1 "car"
0 411 128 510 185 114 1 0 1 "car"
0 411 128 510 185 115 1 0 1 "car"
0 411 128 510 185 116 1 0 1 "car"
0 411 128 510 185 117 1 0 1 "car"
0 411 128 510 185 118 1 0 1 "car"
0 411 128 510 185 119 1 0 1 "car"
0 411 128 510 185 120 1 0 1 "car"
0 411 128 510 185 121 1 0 1 "car"
0 411 128 510 185 122 1 0 1 "car"
0 411 128 510 185 123 1 0 1 "car"
0 411 128 510 185 124 1 0 1 "car"
0 411 128 510 185 125 1 0 1 "car"
0 411 128 510 185 126 1 0 1 "car"
0 411 128 510 185 127 1 0 1 "car"
0 411 128 510 185 128 1 0 1 "car"
0 411 128 510 185 129 1 0 1 "car"
0 411 128 510 185 130 1 0 1 "car"
0 411 128 510 185 131 1 0 1 "car"
0 411 128 510 185 132 1 0 1 "car"
0 411 128 510 185 133 1 0 1 "car"
0 411 128 510 185 134 1 0 1 "car"
0 411 128 510 185 135 1 0 1 "car"
0 411 128 510 185 136 1 0 1 "car"
0 411 128 510 185 137 1 0 1 "car"
0 411 128 510 185 138 1 0 1 "car"
0 411 128 510 185 139 1 0 1 "car"
0 411 128 510 185 140 1 0 1 "car"
0 411 128 510 185 141 1 0 1 "car"
0 411 128 510 185 142 1 0 1 "car"
0 411 128 510 185 143 1 0 1 "car"
0 411 128 510 185 144 1 0 1 "car"
0 411 128 510 185 145 1 0 1 "car"
0 411 128 510 185 146 1 0 1 "car"
0 411 128 510 185 147 1 0 1 "car"
0 411 128 510 185 148 1 0 1 "car"
0 411 128 510 185 149 1 0 1 "car"
0 411 128 510 185 150 1 0 1 "car"
0 411 128 510 185 151 1 0 1 "car"
0 411 128 510 185 152 1 0 1 "car"
0 411 128 510 185 153 1 0 1 "car"
0 411 128 510 185 154 1 0 1 "car"
0 411 128 510 185 155 1 0 1 "car"
0 411 128 510 185 156 1 0 1 "car"
0 411 128 510 185 157 1 0 1 "car"
0 411 128 510 185 158 1 0 1 "car"
0 411 128 510 185 159 1 0 1 "car"
0 411 128 510 185 160 1 0 1 "car"
0 411 128 510 185 161 1 0 1 "car"
0 411 128 510 185 162 1 0 1 "car"
0 411 128 510 185 163 1 0 1 "car"
0 411 128 510 185 164 1 0 1 "car"
0 411 128 510 185 165 1 0 1 "car"
0 411 128 510 185 166 1 0 1 "car"
0 411 128 510 185 167 1 0 1 "car"
0 411 128 510 185 168 1 0 1 "car"
0 411 128 510 185 169 1 0 1 "car"
0 411 128 510 185 170 1 0 1 "car"
0 411 128 510 185 171 1 0 1 "car"
0 411 128 510 185 172 1 0 1 "car"
0 411 128 510 185 173 1 0 1 "car"
0 411 128 510 185 174 1 0 1 "car"
0 411 128 510 185 175 1 0 1 "car"
0 411 128 510 185 176 1 0 1 "car"
0 411 128 510 185 177 1 0 1 "car"
0 411 128 510 185 178 1 0 1 "car"
0 411 128 510 185 179 1 0 1 "car"
0 411 128 510 185 180 1 0 1 "car"
0 411 128 510 185 181 1 0 1 "car"
0 411 128 510 185 182 1 0 1 "car"
0 411 128 510 185 183 1 0 1 "car"
0 411 128 510 185 184 1 0 1 "car"
0 411 128 510 185 185 1 0 1 "car"
0 411 128 510 185 186 1 0 1 "car"
0 411 128 510 185 187 1 0 1 "car"
0 411 128 510 185 188 1 0 1 "car"
0 411 128 510 185 189 1 0 1 "car"
0 411 128 510 185 190 1 0 1 "car"
0 411 128 510 185 191 1 0 1 "car"
0 411 128 510 185 192 1 0 1 "car"
0 411 128 510 185 193 1 0 1 "car"
0 411 128 510 185 194 1 0 1 "car"
0 411 128 510 185 195 1 0 1 "car"
0 411 128 510 185 196 1 0 1 "car"
0 411 128 510 185 197 1 0 1 "car"
0 411 128 510 185 198 1 0 1 "car"
0 411 128 510 185 199 1 0 1 "car"
0 411 128 510 185 200 1 0 1 "car"
0 411 128 510 185 201 1 0 1 "car"
0 411 128 510 185 202 1 0 1 "car"
0 411 128 510 185 203 1 0 1 "car"
0 411 128 510 185 204 1 0 1 "car"
0 411 128 510 185 205 1 0 1 "car"
0 411 128 510 185 206 1 0 1 "car"
0 411 128 510 185 207 1 0 1 "car"
0 411 128 510 185 208 1 0 1 "car"
0 411 128 510 185 209 1 0 1 "car"
0 411 128 510 185 210 1 0 1 "car"
0 411 128 510 185 211 1 0 1 "car"
0 411 128 510 185 212 1 0 1 "car"
0 411 128 510 185 213 1 0 1 "car"
0 411 128 510 185 214 1 0 1 "car"
0 411 128 510 185 215 1 0 1 "car"
0 411 128 510 185 216 1 0 1 "car"
0 411 128 510 185 217 1 0 1 "car"
0 411 128 510 185 218 1 0 1 "car"
0 411 128 510 185 219 1 0 1 "car"
0 411 128 510 185 220 1 0 1 "car"
0 411 128 510 185 221 1 0 1 "car"
0 411 128 510 185 222 1 0 1 "car"
0 411 128 510 185 223 1 0 1 "car"
0 411 128 510 185 224 1 0 1 "car"
0 411 128 510 185 225 1 0 1 "car"
0 411 128 510 185 226 1 0 1 "car"
0 411 128 510 185 227 1 0 1 "car"
0 411 128 510 185 228 1 0 1 "car"
0 411 128 510 185 229 1 0 1 "car"
0 411 128 510 185 230 1 0 1 "car"
0 411 128 510 185 231 1 0 1 "car"
0 411 128 510 185 232 1 0 1 "car"
0 411 128 510 185 233 1 0 1 "car"
0 411 128 510 185 234 1 0 1 "car"
0 411 128 510 185 235 1 0 1 "car"
0 411 128 510 185 236 1 0 1 "car"
0 411 128 510 185 237 1 0 1 "car"
0 411 128 510 185 238 1 0 1 "car"
0 411 128 510 185 239 1 0 1 "car"
0 411 128 510 185 240 1 0 1 "car"
0 411 128 510 185 241 1 0 1 "car"
0 411 128 510 185 242 1 0 1 "car"
0 411 128 510 185 243 1 0 1 "car"
0 411 128 510 185 244 1 0 1 "car"
0 411 128 510 185 245 1 0 1 "car"
0 411 128 510 185 246 1 0 1 "car"
0 411 128 510 185 247 1 0 1 "car"
0 411 128 510 185 248 1 0 1 "car"
0 411 128 510 185 249 1 0 1 "car"
0 411 128 510 185 250 1 0 1 "car"
0 411 128 510 185 251 1 0 1 "car"
0 411 128 510 185 252 1 0 1 "car"
0 411 128 510 185 253 1 0 1 "car"
0 411 128 510 185 254 1 0 1 "car"
0 411 128 510 185 255 1 0 1 "car"
0 411 128 510 185 256 1 0 1 "car"
0 411 128 510 185 257 1 0 1 "car"
0 411 128 510 185 258 1 0 1 "car"
0 411 128 510 185 259 1 0 1 "car"
0 411 128 510 185 260 1 0 1 "car"
0 411 128 510 185 261 1 0 1 "car"
0 411 128 510 185 262 1 0 1 "car"
0 411 128 510 185 263 1 0 1 "car"
0 411 128 510 185 264 1 0 1 "car"
0 411 128 510 185 265 1 0 1 "car"
0 411 128 510 185 266 1 0 1 "car"
0 411 128 510 185 267 1 0 1 "car"
0 411 128 510 185 268 1 0 1 "car"
0 411 128 510 185 269 1 0 1 "car"
0 411 128 510 185 270 1 0 1 "car"
0 411 128 510 185 271 1 0 1 "car"
0 411 128 510 185 272 1 0 1 "car"
0 411 128 510 185 273 1 0 1 "car"
0 411 128 510 185 274 1 0 1 "car"
0 411 128 510 185 275 1 0 1 "car"
0 411 128 510 185 276 1 0 1 "car"
0 411 128 510 185 277 1 0 1 "car"
0 411 128 510 185 278 1 0 1 "car"
0 411 128 510 185 279 1 0 1 "car"
0 411 128 510 185 280 1 0 1 "car"
0 411 128 510 185 281 1 0 1 "car"
0 411 128 510 185 282 1 0 1 "car"
0 411 128 510 185 283 1 0 1 "car"
0 411 128 510 185 284 1 0 1 "car"
0 411 128 510 185 285 1 0 1 "car"
0 411 128 510 185 286 1 0 1 "car"
0 411 128 510 185 287 1 0 1 "car"
0 411 128 510 185 288 1 0 1 "car"
0 411 128 510 185 289 1 0 1 "car"
0 411 128 510 185 290 1 0 1 "car"
0 411 128 510 185 291 1 0 1 "car"
0 411 128 510 185 292 1 0 1 "car"
0 411 128 510 185 293 1 0 1 "car"
0 411 128 510 185 294 1 0 1 "car"
0 411 128 510 185 295 1 0 1 "car"
0 411 128 510 185 296 1 0 1 "car"
0 411 128 510 185 297 1 0 1 "car"
0 411 128 510 185 298 1 0 1 "car"
0 411 128 510 185 299 1 0 1 "car"
0 411 128 510 185 300 1 0 1 "car"
0 411 128 510 185 301 1 0 1 "car"
0 411 128 510 185 302 1 0 1 "car"
0 411 128 510 185 303 1 0 1 "car"
0 411 128 510 185 304 1 0 1 "car"
0 411 128 510 185 305 1 0 1 "car"
0 411 128 510 185 306 1 0 1 "car"
0 411 128 510 185 307 1 0 1 "car"
0 411 128 510 185 308 1 0 1 "car"
0 411 128 510 185 309 1 0 1 "car"
0 411 128 510 185 310 1 0 1 "car"
0 411 128 510 185 311 1 0 1 "car"
0 411 128 510 185 312 1 0 1 "car"
0 411 128 510 185 313 1 0 1 "car"
0 411 128 510 185 314 1 0 1 "car"
0 411 128 510 185 315 1 0 1 "car"
0 411 128 510 185 316 1 0 1 "car"
0 411 128 510 185 317 1 0 1 "car"
0 411 128 510 185 318 1 0 1 "car"
0 411 128 510 185 319 1 0 1 "car"
0 411 128 510 185 320 1 0 1 "car"
0 411 128 510 185 321 1 0 0 "car"
1 3 21 61 56 0 1 0 0 "car"
1 2 21 60 56 1 1 0 1 "car"
1 2 21 60 56 2 1 0 1 "car"
1 2 21 60 56 3 1 0 1 "car"
1 2 21 60 56 4 1 0 1 "car"
1 2 21 60 56 5 1 0 1 "car"
1 2 21 60 56 6 1 0 1 "car"
1 2 21 60 56 7 1 0 1 "car"
1 2 21 60 56 8 1 0 1 "car"
1 2 21 60 56 9 1 0 1 "car"
1 2 21 60 56 10 1 0 1 "car"
1 2 21 60 56 11 1 0 1 "car"
1 1 22 59 57 12 1 0 1 "car"
1 1 22 59 57 13 1 0 1 "car"
1 1 22 59 57 14 1 0 1 "car"
1 1 22 59 57 15 1 0 1 "car"
1 1 22 59 57 16 1 0 1 "car"
1 1 22 59 57 17 1 0 1 "car"
1 1 22 59 57 18 1 0 1 "car"
1 1 22 59 57 19 1 0 1 "car"
1 1 22 59 57 20 1 0 1 "car"
1 1 22 59 57 21 1 0 1 "car"
1 1 22 59 57 22 1 0 1 "car"
1 0 23 58 58 23 1 0 1 "car"
1 0 23 58 58 24 1 0 1 "car"
1 0 23 58 58 25 1 0 1 "car"
1 0 23 58 58 26 1 0 1 "car"
1 0 23 58 58 27 1 0 1 "car"
1 0 23 58 58 28 1 0 1 "car"
1 0 23 58 58 29 1 0 1 "car"
1 0 23 58 58 30 1 0 1 "car"
1 0 23 58 58 31 1 0 1 "car"
1 0 23 58 58 32 1 0 1 "car"
1 0 23 58 58 33 1 0 1 "car"
1 0 24 58 59 34 0 0 0 "car"
1 1 24 59 59 35 0 0 1 "car"
1 2 24 61 59 36 0 0 1 "car"
1 4 25 62 60 37 0 0 1 "car"
1 5 25 64 60 38 0 0 1 "car"
1 6 25 66 61 39 0 0 1 "car"
1 8 26 67 61 40 0 0 1 "car"
1 9 26 69 62 41 0 0 1 "car"
1 10 27 71 62 42 0 0 1 "car"
1 12 27 72 63 43 0 0 1 "car"
1 13 27 74 63 44 0 0 1 "car"
1 14 28 75 64 45 0 0 1 "car"
1 16 28 77 64 46 0 0 1 "car"
1 17 29 79 65 47 0 0 1 "car"
1 18 29 80 65 48 0 0 1 "car"
1 20 29 82 66 49 0 0 1 "car"
1 21 30 84 66 50 0 0 1 "car"
1 23 30 85 67 51 0 0 1 "car"
1 24 31 87 67 52 0 0 1 "car"
1 25 31 88 68 53 0 0 1 "car"
1 27 31 90 68 54 0 0 1 "car"
1 28 32 92 69 55 0 0 1 "car"
1 29 32 93 69 56 0 0 1 "car"
1 31 33 95 70 57 0 0 1 "car"
1 32 33 97 70 58 0 0 1 "car"
1 33 33 98 71 59 0 0 1 "car"
1 35 34 100 71 60 0 0 1 "car"
1 36 34 101 72 61 0 0 1 "car"
1 37 34 103 72 62 0 0 1 "car"
1 39 35 105 73 63 0 0 1 "car"
1 40 35 106 73 64 0 0 1 "car"
1 41 36 108 74 65 0 0 1 "car"
1 43 36 110 74 66 0 0 1 "car"
1 44 36 111 75 67 0 0 1 "car"
1 46 37 113 75 68 0 0 1 "car"
1 47 37 114 76 69 0 0 1 "car"
1 48 38 116 76 70 0 0 1 "car"
1 50 38 118 77 71 0 0 1 "car"
1 51 38 119 77 72 0 0 1 "car"
1 52 39 121 78 73 0 0 1 "car"
1 54 39 123 78 74 0 0 1 "car"
1 55 40 124 79 75 0 0 1 "car"
1 56 40 126 79 76 0 0 1 "car"
1 58 40 127 80 77 0 0 1 "car"
1 59 41 129 80 78 0 0 1 "car"
1 60 41 131 81 79 0 0 1 "car"
1 62 42 132 81 80 0 0 1 "car"
1 63 42 134 82 81 0 0 1 "car"
1 64 42 136 82 82 0 0 1 "car"
1 66 43 137 83 83 0 0 1 "car"
1 67 43 139 83 84 0 0 1 "car"
1 69 44 141 84 85 0 0 0 "car"
1 70 44 143 84 86 0 0 1 "car"
1 72 45 145 85 87 0 0 1 "car"
1 74 45 147 85 88 0 0 1 "car"
1 75 46 149 86 89 0 0 1 "car"
1 77 46 151 87 90 0 0 1 "car"
1 79 47 153 87 91 0 0 1 "car"
1 81 47 155 88 92 0 0 1 "car"
1 82 48 157 88 93 0 0 1 "car"
1 84 48 159 89 94 0 0 1 "car"
1 86 49 161 90 95 0 0 1 "car"
1 88 49 163 90 96 0 0 1 "car"
1 89 50 165 91 97 0 0 1 "car"
1 91 50 168 92 98 0 0 1 "car"
1 93 51 170 92 99 0 0 1 "car"
1 95 51 172 93 100 0 0 1 "car"
1 96 52 174 93 101 0 0 1 "car"
1 98 52 176 94 102 0 0 1 "car"
1 100 53 178 95 103 0 0 1 "car"
1 102 53 180 95 104 0 0 1 "car"
1 103 54 182 96 105 0 0 1 "car"
1 105 54 184 97 106 0 0 1 "car"
1 107 55 186 97 107 0 0 1 "car"
1 109 55 188 98 108 0 0 1 "car"
1 110 56 190 98 109 0 0 1 "car"
1 112 56 193 99 110 0 0 1 "car"
1 114 57 195 100 111 0 0 1 "car"
1 115 57 197 100 112 0 0 1 "car"
1 117 58 199 101 113 0 0 1 "car"
1 119 58 201 101 114 0 0 1 "car"
1 121 59 203 102 115 0 0 1 "car"
1 122 59 205 103 116 0 0 1 "car"
1 124 60 207 103 117 0 0 1 "car"
1 126 60 209 104 118 0 0 1 "car"
1 128 61 211 105 119 0 0 1 "car"
1 129 61 213 105 120 0 0 1 "car"
1 131 62 215 106 121 0 0 1 "car"
1 133 62 217 106 122 0 0 1 "car"
1 135 63 220 107 123 0 0 1 "car"
1 136 63 222 108 124 0 0 1 "car"
1 138 64 224 108 125 0 0 1 "car"
1 140 64 226 109 126 0 0 1 "car"
1 142 65 228 110 127 0 0 1 "car"
1 143 65 230 110 128 0 0 1 "car"
1 145 66 232 111 129 0 0 1 "car"
1 147 66 234 111 130 0 0 1 "car"
1 149 67 236 112 131 0 0 1 "car"
1 150 67 238 113 132 0 0 1 "car"
1 152 68 240 113 133 0 0 1 "car"
1 154 68 242 114 134 0 0 1 "car"
1 156 69 245 115 135 0 0 0 "car"
1 157 69 246 115 136 0 0 1 "car"
1 159 69 248 116 137 0 0 1 "car"
1 161 70 250 117 138 0 0 1 "car"
1 163 70 252 117 139 0 0 1 "car"
1 165 71 254 118 140 0 0 1 "car"
1 167 71 256 119 141 0 0 1 "car"
1 169 71 258 119 142 0 0 1 "car"
1 170 72 260 120 143 0 0 1 "car"
1 172 72 262 121 144 0 0 1 "car"
1 174 73 264 121 145 0 0 1 "car"
1 176 73 266 122 146 0 0 1 "car"
1 178 73 268 123 147 0 0 1 "car"
1 180 74 270 123 148 0 0 1 "car"
1 182 74 272 124 149 0 0 1 "car"
1 184 75 274 125 150 0 0 0 "car"
1 186 75 276 125 151 0 0 1 "car"
1 188 76 279 126 152 0 0 1 "car"
1 190 77 281 126 153 0 0 1 "car"
1 192 78 284 127 154 0 0 1 "car"
1 194 78 286 128 155 0 0 1 "car"
1 197 79 289 128 156 0 0 1 "car"
1 199 80 291 129 157 0 0 1 "car"
1 201 81 294 130 158 0 0 1 "car"
1 203 81 296 130 159 0 0 1 "car"
1 205 82 299 131 160 0 0 1 "car"
1 208 83 301 131 161 0 0 1 "car"
1 210 84 304 132 162 0 0 1 "car"
1 212 84 306 133 163 0 0 1 "car"
1 214 85 309 133 164 0 0 1 "car"
1 216 86 311 134 165 0 0 1 "car"
1 219 87 314 135 166 0 0 0 "car"
1 221 87 316 135 167 0 0 1 "car"
1 223 88 318 136 168 0 0 1 "car"
1 226 89 321 137 169 0 0 1 "car"
1 228 89 323 137 170 0 0 1 "car"
1 230 90 326 138 171 0 0 1 "car"
1 233 91 328 139 172 0 0 1 "car"
1 235 92 331 139 173 0 0 1 "car"
1 238 92 333 140 174 0 0 1 "car"
1 240 93 336 141 175 0 0 1 "car"
1 242 94 338 141 176 0 0 1 "car"
1 245 94 340 142 177 0 0 1 "car"
1 247 95 343 143 178 0 0 1 "car"
1 250 96 345 143 179 0 0 1 "car"
1 252 97 348 144 180 0 0 1 "car"
1 254 97 350 145 181 0 0 1 "car"
1 257 98 353 145 182 0 0 1 "car"
1 259 99 355 146 183 0 0 1 "car"
1 262 100 358 147 184 0 0 0 "car"
1 264 100 360 147 185 0 0 1 "car"
1 266 101 363 148 186 0 0 1 "car"
1 269 101 365 149 187 0 0 1 "car"
1 271 102 368 149 188 0 0 1 "car"
1 273 102 371 150 189 0 0 1 "car"
1 276 103 373 151 190 0 0 1 "car"
1 278 103 376 152 191 0 0 1 "car"
1 280 104 379 152 192 0 0 1 "car"
1 283 104 381 153 193 0 0 1 "car"
1 285 105 384 154 194 0 0 1 "car"
1 287 105 387 155 195 0 0 1 "car"
1 290 106 389 155 196 0 0 1 "car"
1 292 106 392 156 197 0 0 1 "car"
1 294 107 395 157 198 0 0 1 "car"
1 297 107 397 158 199 0 0 1 "car"
1 299 108 400 158 200 0 0 1 "car"
1 301 108 403 159 201 0 0 1 "car"
1 304 109 405 160 202 0 0 1 "car"
1 306 109 408 161 203 0 0 1 "car"
1 308 110 411 161 204 0 0 1 "car"
1 311 110 413 162 205 0 0 1 "car"
1 313 111 416 163 206 0 0 1 "car"
1 316 112 419 164 207 1 0 0 "car"
1 318 112 421 164 208 1 0 1 "car"
1 321 113 424 165 209 1 0 1 "car"
1 323 113 427 166 210 1 0 1 "car"
1 326 114 429 167 211 1 0 1 "car"
1 328 114 432 167 212 1 0 1 "car"
1 331 115 435 168 213 1 0 1 "car"
1 333 115 437 169 214 1 0 1 "car"
1 336 116 440 170 215 1 0 1 "car"
1 338 117 443 170 216 1 0 1 "car"
1 341 117 445 171 217 1 0 1 "car"
1 343 118 448 172 218 1 0 1 "car"
1 346 118 451 173 219 1 0 1 "car"
1 348 119 453 173 220 1 0 1 "car"
1 351 119 456 174 221 1 0 1 "car"
1 353 120 459 175 222 1 0 1 "car"
1 356 120 461 176 223 1 0 1 "car"
1 358 121 464 177 224 1 0 1 "car"
1 361 122 467 177 225 1 0 1 "car"
1 363 122 469 178 226 1 0 1 "car"
1 366 123 472 179 227 1 0 1 "car"
1 368 123 475 180 228 1 0 1 "car"
1 371 124 477 180 229 1 0 1 "car"
1 373 124 480 181 230 1 0 1 "car"
1 376 125 483 182 231 1 0 1 "car"
1 378 125 485 183 232 1 0 1 "car"
1 381 126 488 183 233 1 0 1 "car"
1 383 127 491 184 234 1 0 1 "car"
1 386 127 493 185 235 1 0 1 "car"
1 388 128 496 186 236 1 0 1 "car"
1 391 128 499 186 237 1 0 1 "car"
1 393 129 501 187 238 1 0 1 "car"
1 396 129 504 188 239 1 0 1 "car"
1 398 130 507 189 240 1 0 1 "car"
1 401 131 510 190 241 1 0 0 "car"
1 396 129 505 188 242 1 0 1 "car"
1 392 128 500 187 243 1 0 1 "car"
1 388 127 496 185 244 1 0 1 "car"
1 384 126 491 184 245 1 0 1 "car"
1 380 125 486 183 246 1 0 1 "car"
1 375 124 482 181 247 1 0 1 "car"
1 371 123 477 180 248 1 0 1 "car"
1 367 122 473 179 249 1 0 1 "car"
1 363 121 468 177 250 1 0 1 "car"
1 359 120 463 176 251 1 0 1 "car"
1 355 119 459 175 252 1 0 1 "car"
1 350 117 454 173 253 1 0 1 "car"
1 346 116 449 172 254 1 0 1 "car"
1 342 115 445 171 255 1 0 1 "car"
1 338 114 440 169 256 1 0 1 "car"
1 334 113 436 168 257 1 0 1 "car"
1 330 112 431 167 258 1 0 1 "car"
1 325 111 426 165 259 1 0 1 "car"
1 321 110 422 164 260 1 0 1 "car"
1 317 109 417 163 261 1 0 1 "car"
1 313 108 412 161 262 1 0 1 "car"
1 309 107 408 160 263 1 0 1 "car"
1 304 105 403 158 264 1 0 1 "car"
1 300 104 399 157 265 1 0 1 "car"
1 296 103 394 156 266 1 0 1 "car"
1 292 102 389 154 267 1 0 1 "car"
1 288 101 385 153 268 1 0 1 "car"
1 284 100 380 152 269 1 0 1 "car"
1 279 99 375 150 270 1 0 1 "car"
1 275 98 371 149 271 1 0 1 "car"
1 271 97 366 148 272 1 0 1 "car"
1 267 96 362 146 273 1 0 1 "car"
1 263 95 357 145 274 1 0 1 "car"
1 259 94 352 144 275 1 0 1 "car"
1 254 92 348 142 276 1 0 1 "car"
1 250 91 343 141 277 1 0 1 "car"
1 246 90 338 140 278 1 0 1 "car"
1 242 89 334 138 279 1 0 1 "car"
1 238 88 329 137 280 1 0 1 "car"
1 234 87 325 136 281 1 0 1 "car"
1 229 86 320 134 282 1 0 1 "car"
1 225 85 315 133 283 1 0 1 "car"
1 221 84 311 131 284 1 0 1 "car"
1 217 83 306 130 285 1 0 1 "car"
1 213 82 301 129 286 1 0 1 "car"
1 208 80 297 127 287 1 0 1 "car"
1 204 79 292 126 288 1 0 1 "car"
1 200 78 288 125 289 1 0 1 "car"
1 196 77 283 123 290 1 0 1 "car"
1 192 76 278 122 291 1 0 1 "car"
1 188 75 274 121 292 1 0 1 "car"
1 183 74 269 119 293 1 0 1 "car"
1 179 73 264 118 294 1 0 1 "car"
1 175 72 260 117 295 1 0 1 "car"
1 171 71 255 115 296 1 0 1 "car"
1 167 70 251 114 297 1 0 1 "car"
1 163 69 246 113 298 1 0 1 "car"
1 158 67 241 111 299 1 0 1 "car"
1 154 66 237 110 300 1 0 1 "car"
1 150 65 232 109 301 1 0 1 "car"
1 146 64 227 107 302 1 0 1 "car"
1 142 63 223 106 303 1 0 1 "car"
1 137 62 218 104 304 1 0 1 "car"
1 133 61 214 103 305 1 0 1 "car"
1 129 60 209 102 306 1 0 1 "car"
1 125 59 204 100 307 1 0 1 "car"
1 121 58 200 99 308 1 0 1 "car"
1 117 57 195 98 309 1 0 1 "car"
1 112 55 190 96 310 1 0 1 "car"
1 108 54 186 95 311 1 0 1 "car"
1 104 53 181 94 312 1 0 1 "car"
1 100 52 177 92 313 1 0 1 "car"
1 96 51 172 91 314 1 0 1 "car"
1 92 50 167 90 315 1 0 1 "car"
1 87 49 163 88 316 1 0 1 "car"
1 83 48 158 87 317 1 0 1 "car"
1 79 47 153 86 318 1 0 1 "car"
1 75 46 149 84 319 1 0 1 "car"
1 71 45 144 83 320 1 0 1 "car"
1 67 44 140 82 321 1 0 0 "car"
2 3 24 60 61 0 1 0 0 "car"
2 3 24 60 61 1 1 0 1 "car"
2 3 24 60 61 2 1 0 1 "car"
2 3 24 60 61 3 1 0 1 "car"
2 3 24 60 61 4 1 0 1 "car"
2 3 24 60 61 5 1 0 1 "car"
2 3 24 60 61 6 1 0 1 "car"
2 3 24 60 61 7 1 0 1 "car"
2 3 24 60 61 8 1 0 1 "car"
2 3 24 60 61 9 1 0 1 "car"
2 3 24 60 61 10 1 0 1 "car"
2 3 24 60 61 11 1 0 1 "car"
2 3 24 60 61 12 1 0 1 "car"
2 3 24 60 61 13 1 0 1 "car"
2 3 24 60 61 14 1 0 1 "car"
2 3 24 60 61 15 1 0 1 "car"
2 3 24 60 61 16 1 0 1 "car"
2 3 24 60 61 17 1 0 1 "car"
2 3 24 60 61 18 1 0 1 "car"
2 3 24 60 61 19 1 0 1 "car"
2 3 24 60 61 20 1 0 1 "car"
2 3 24 60 61 21 1 0 1 "car"
2 3 24 60 61 22 1 0 1 "car"
2 3 24 60 61 23 1 0 1 "car"
2 3 24 60 61 24 1 0 1 "car"
2 3 24 60 61 25 1 0 1 "car"
2 3 24 60 61 26 1 0 1 "car"
2 3 24 60 61 27 1 0 1 "car"
2 3 24 60 61 28 1 0 1 "car"
2 3 24 60 61 29 1 0 1 "car"
2 3 24 60 61 30 1 0 1 "car"
2 3 24 60 61 31 1 0 1 "car"
2 3 24 60 61 32 1 0 1 "car"
2 3 24 60 61 33 1 0 1 "car"
2 3 24 60 61 34 1 0 1 "car"
2 3 24 60 61 35 1 0 1 "car"
2 3 24 60 61 36 1 0 1 "car"
2 3 24 60 61 37 1 0 1 "car"
2 3 24 60 61 38 1 0 1 "car"
2 3 24 60 61 39 1 0 1 "car"
2 3 24 60 61 40 1 0 1 "car"
2 3 24 60 61 41 1 0 1 "car"
2 3 24 60 61 42 1 0 1 "car"
2 3 24 60 61 43 1 0 1 "car"
2 3 24 60 61 44 1 0 1 "car"
2 3 24 60 61 45 1 0 1 "car"
2 3 24 60 61 46 1 0 1 "car"
2 3 24 60 61 47 1 0 1 "car"
2 3 24 60 61 48 1 0 1 "car"
2 3 24 60 61 49 1 0 1 "car"
2 3 24 60 61 50 1 0 1 "car"
2 3 24 60 61 51 1 0 1 "car"
2 3 24 60 61 52 1 0 1 "car"
2 3 24 60 61 53 1 0 1 "car"
2 3 24 60 61 54 1 0 1 "car"
2 3 24 60 61 55 1 0 1 "car"
2 3 24 60 61 56 1 0 1 "car"
2 3 24 60 61 57 1 0 1 "car"
2 3 24 60 61 58 1 0 1 "car"
2 3 24 60 61 59 1 0 1 "car"
2 3 24 60 61 60 1 0 1 "car"
2 3 24 60 61 61 1 0 1 "car"
2 3 24 60 61 62 1 0 1 "car"
2 3 24 60 61 63 1 0 1 "car"
2 3 24 60 61 64 1 0 1 "car"
2 3 24 60 61 65 1 0 1 "car"
2 3 24 60 61 66 1 0 1 "car"
2 3 24 60 61 67 1 0 1 "car"
2 3 24 60 61 68 1 0 1 "car"
2 3 24 60 61 69 1 0 1 "car"
2 3 24 60 61 70 1 0 1 "car"
2 3 24 60 61 71 1 0 1 "car"
2 3 24 60 61 72 1 0 1 "car"
2 3 24 60 61 73 1 0 1 "car"
2 3 24 60 61 74 1 0 1 "car"
2 3 24 60 61 75 1 0 1 "car"
2 3 24 60 61 76 1 0 1 "car"
2 3 24 60 61 77 1 0 1 "car"
2 3 24 60 61 78 1 0 1 "car"
2 3 24 60 61 79 1 0 1 "car"
2 3 24 60 61 80 1 0 1 "car"
2 3 24 60 61 81 1 0 1 "car"
2 3 24 60 61 82 1 0 1 "car"
2 3 24 60 61 83 1 0 1 "car"
2 3 24 60 61 84 1 0 1 "car"
2 3 24 60 61 85 1 0 1 "car"
2 3 24 60 61 86 1 0 1 "car"
2 3 24 60 61 87 1 0 1 "car"
2 3 24 60 61 88 1 0 1 "car"
2 3 24 60 61 89 1 0 1 "car"
2 3 24 60 61 90 1 0 1 "car"
2 3 24 60 61 91 1 0 1 "car"
2 3 24 60 61 92 1 0 1 "car"
2 3 24 60 61 93 1 0 1 "car"
2 3 24 60 61 94 1 0 1 "car"
2 3 24 60 61 95 1 0 1 "car"
2 3 24 60 61 96 1 0 1 "car"
2 3 24 60 61 97 1 0 1 "car"
2 3 24 60 61 98 1 0 1 "car"
2 3 24 60 61 99 1 0 1 "car"
2 3 24 60 61 100 1 0 1 "car"
2 3 24 60 61 101 1 0 1 "car"
2 3 24 60 61 102 1 0 1 "car"
2 3 24 60 61 103 1 0 1 "car"
2 3 24 60 61 104 1 0 1 "car"
2 3 24 60 61 105 1 0 1 "car"
2 3 24 60 61 106 1 0 1 "car"
2 3 24 60 61 107 1 0 1 "car"
2 3 24 60 61 108 1 0 1 "car"
2 3 24 60 61 109 1 0 1 "car"
2 3 24 60 61 110 1 0 1 "car"
2 3 24 60 61 111 1 0 1 "car"
2 3 24 60 61 112 1 0 1 "car"
2 3 24 60 61 113 1 0 1 "car"
2 3 24 60 61 114 1 0 1 "car"
2 3 24 60 61 115 1 0 1 "car"
2 3 24 60 61 116 1 0 1 "car"
2 3 24 60 61 117 1 0 1 "car"
2 3 24 60 61 118 1 0 1 "car"
2 3 24 60 61 119 1 0 1 "car"
2 3 24 60 61 120 1 0 1 "car"
2 3 24 60 61 121 1 0 1 "car"
2 3 24 60 61 122 1 0 1 "car"
2 3 24 60 61 123 1 0 1 "car"
2 3 24 60 61 124 1 0 1 "car"
2 3 24 60 61 125 1 0 1 "car"
2 3 24 60 61 126 1 0 1 "car"
2 3 24 60 61 127 1 0 1 "car"
2 3 24 60 61 128 1 0 1 "car"
2 3 24 60 61 129 1 0 1 "car"
2 3 24 60 61 130 1 0 1 "car"
2 3 24 60 61 131 1 0 1 "car"
2 3 24 60 61 132 1 0 1 "car"
2 3 24 60 61 133 1 0 1 "car"
2 3 24 60 61 134 1 0 1 "car"
2 3 24 60 61 135 1 0 1 "car"
2 3 24 60 61 136 1 0 1 "car"
2 3 24 60 61 137 1 0 1 "car"
2 3 24 60 61 138 1 0 1 "car"
2 3 24 60 61 139 1 0 1 "car"
2 3 24 60 61 140 1 0 1 "car"
2 3 24 60 61 141 1 0 1 "car"
2 3 24 60 61 142 1 0 1 "car"
2 3 24 60 61 143 1 0 1 "car"
2 3 24 60 61 144 1 0 1 "car"
2 3 24 60 61 145 1 0 1 "car"
2 3 24 60 61 146 1 0 1 "car"
2 3 24 60 61 147 1 0 1 "car"
2 3 24 60 61 148 1 0 1 "car"
2 3 24 60 61 149 1 0 1 "car"
2 3 24 60 61 150 1 0 1 "car"
2 3 24 60 61 151 1 0 1 "car"
2 3 24 60 61 152 1 0 1 "car"
2 3 24 60 61 153 1 0 1 "car"
2 3 24 60 61 154 1 0 1 "car"
2 3 24 60 61 155 1 0 1 "car"
2 3 24 60 61 156 1 0 1 "car"
2 3 24 60 61 157 1 0 1 "car"
2 3 24 60 61 158 1 0 1 "car"
2 3 24 60 61 159 1 0 1 "car"
2 3 24 60 61 160 1 0 1 "car"
2 3 24 60 61 161 1 0 1 "car"
2 3 24 60 61 162 1 0 1 "car"
2 3 24 60 61 163 1 0 1 "car"
2 3 24 60 61 164 1 0 1 "car"
2 3 24 60 61 165 1 0 1 "car"
2 3 24 60 61 166 1 0 1 "car"
2 3 24 60 61 167 1 0 1 "car"
2 3 24 60 61 168 1 0 1 "car"
2 3 24 60 61 169 1 0 1 "car"
2 3 24 60 61 170 1 0 1 "car"
2 3 24 60 61 171 1 0 1 "car"
2 3 24 60 61 172 1 0 1 "car"
2 3 24 60 61 173 1 0 1 "car"
2 3 24 60 61 174 1 0 1 "car"
2 3 24 60 61 175 1 0 1 "car"
2 3 24 60 61 176 1 0 1 "car"
2 3 24 60 61 177 1 0 1 "car"
2 3 24 60 61 178 1 0 1 "car"
2 3 24 60 61 179 1 0 1 "car"
2 3 24 60 61 180 1 0 1 "car"
2 3 24 60 61 181 1 0 1 "car"
2 3 24 60 61 182 1 0 1 "car"
2 3 24 60 61 183 1 0 1 "car"
2 3 24 60 61 184 1 0 1 "car"
2 3 24 60 61 185 1 0 1 "car"
2 3 24 60 61 186 1 0 1 "car"
2 3 24 60 61 187 1 0 1 "car"
2 3 24 60 61 188 1 0 1 "car"
2 3 24 60 61 189 1 0 1 "car"
2 3 24 60 61 190 1 0 1 "car"
2 3 24 60 61 191 1 0 1 "car"
2 3 24 60 61 192 1 0 1 "car"
2 3 24 60 61 193 1 0 1 "car"
2 3 24 60 61 194 1 0 1 "car"
2 3 24 60 61 195 1 0 1 "car"
2 3 24 60 61 196 1 0 1 "car"
2 3 24 60 61 197 1 0 1 "car"
2 3 24 60 61 198 1 0 1 "car"
2 3 24 60 61 199 1 0 1 "car"
2 3 24 60 61 200 1 0 1 "car"
2 3 24 60 61 201 1 0 1 "car"
2 3 24 60 61 202 1 0 1 "car"
2 3 24 60 61 203 1 0 1 "car"
2 3 24 60 61 204 1 0 1 "car"
2 3 24 60 61 205 1 0 1 "car"
2 3 24 60 61 206 1 0 1 "car"
2 3 24 60 61 207 0 0 0 "car"
2 3 24 61 61 208 0 0 1 "car"
2 4 24 62 61 209 0 0 1 "car"
2 5 24 63 61 210 0 0 1 "car"
2 6 24 64 61 211 0 0 1 "car"
2 7 24 66 62 212 0 0 1 "car"
2 8 24 67 62 213 0 0 1 "car"
2 9 24 68 62 214 0 0 1 "car"
2 10 24 69 62 215 0 0 1 "car"
2 11 24 71 63 216 0 0 0 "car"
2 12 24 72 63 217 0 0 1 "car"
2 13 24 74 64 218 0 0 1 "car"
2 15 25 76 64 219 0 0 1 "car"
2 16 25 77 65 220 0 0 1 "car"
2 18 26 79 66 221 0 0 1 "car"
2 19 26 81 66 222 0 0 1 "car"
2 20 27 82 67 223 0 0 1 "car"
2 22 27 84 67 224 0 0 1 "car"
2 23 28 86 68 225 0 0 1 "car"
2 25 28 87 69 226 0 0 1 "car"
2 26 29 89 69 227 0 0 1 "car"
2 27 29 91 70 228 0 0 1 "car"
2 29 30 92 70 229 0 0 1 "car"
2 30 30 94 71 230 0 0 1 "car"
2 32 31 96 72 231 0 0 0 "car"
2 33 31 98 72 232 0 0 1 "car"
2 35 31 100 73 233 0 0 1 "car"
2 37 32 102 74 234 0 0 1 "car"
2 38 32 104 75 235 0 0 1 "car"
2 40 33 106 75 236 0 0 1 "car"
2 42 33 108 76 237 0 0 1 "car"
2 43 34 110 77 238 0 0 1 "car"
2 45 34 112 78 239 0 0 1 "car"
2 47 35 114 78 240 0 0 1 "car"
2 49 35 116 79 241 0 0 1 "car"
2 50 36 118 80 242 0 0 1 "car"
2 52 36 120 81 243 0 0 1 "car"
2 54 37 122 81 244 0 0 1 "car"
2 55 37 124 82 245 0 0 1 "car"
2 57 38 126 83 246 0 0 1 "car"
2 59 38 128 84 247 0 0 1 "car"
2 61 39 130 85 248 0 0 0 "car"
2 62 39 131 85 249 0 0 1 "car"
2 64 39 133 86 250 0 0 1 "car"
2 65 40 135 86 251 0 0 1 "car"
2 67 40 137 87 252 0 0 1 "car"
2 69 41 139 88 253 0 0 1 "car"
2 70 41 141 88 254 0 0 1 "car"
2 72 42 143 89 255 0 0 1 "car"
2 74 42 145 89 256 0 0 1 "car"
2 75 42 147 90 257 0 0 1 "car"
2 77 43 149 91 258 0 0 1 "car"
2 79 43 151 91 259 0 0 1 "car"
2 80 44 153 92 260 0 0 1 "car"
2 82 44 155 92 261 0 0 1 "car"
2 84 45 157 93 262 0 0 1 "car"
2 85 45 159 94 263 0 0 1 "car"
2 87 45 161 94 264 0 0 1 "car"
2 89 46 163 95 265 0 0 1 "car"
2 90 46 165 95 266 0 0 1 "car"
2 92 47 167 96 267 0 0 1 "car"
2 94 47 169 97 268 0 0 1 "car"
2 95 48 171 97 269 0 0 1 "car"
2 97 48 173 98 270 0 0 1 "car"
2 99 48 175 98 271 0 0 1 "car"
2 100 49 177 99 272 0 0 1 "car"
2 102 49 179 100 273 0 0 1 "car"
2 104 50 181 100 274 0 0 1 "car"
2 105 50 183 101 275 0 0 1 "car"
2 107 51 185 101 276 0 0 1 "car"
2 109 51 187 102 277 0 0 1 "car"
2 110 51 189 103 278 0 0 1 "car"
2 112 52 191 103 279 0 0 1 "car"
2 114 52 193 104 280 0 0 1 "car"
2 115 53 195 104 281 0 0 1 "car"
2 117 53 197 105 282 0 0 1 "car"
2 119 54 199 106 283 0 0 0 "car"
2 121 54 201 106 284 0 0 1 "car"
2 123 54 204 107 285 0 0 1 "car"
2 125 55 206 107 286 0 0 1 "car"
2 127 55 209 108 287 0 0 1 "car"
2 130 56 211 108 288 0 0 1 "car"
2 132 56 214 109 289 0 0 1 "car"
2 134 57 216 109 290 0 0 1 "car"
2 136 57 219 110 291 0 0 1 "car"
2 139 58 222 110 292 0 0 1 "car"
2 141 58 224 111 293 0 0 1 "car"
2 143 58 227 111 294 0 0 1 "car"
2 145 59 229 112 295 0 0 1 "car"
2 147 59 232 112 296 0 0 1 "car"
2 150 60 234 113 297 0 0 1 "car"
2 152 60 237 113 298 0 0 1 "car"
2 154 61 239 114 299 0 0 1 "car"
2 156 61 242 114 300 0 0 1 "car"
2 159 62 245 115 301 0 0 1 "car"
2 161 62 247 115 302 0 0 1 "car"
2 163 62 250 116 303 0 0 1 "car"
2 165 63 252 116 304 0 0 1 "car"
2 167 63 255 117 305 0 0 1 "car"
2 170 64 257 117 306 0 0 1 "car"
2 172 64 260 118 307 0 0 1 "car"
2 174 65 262 118 308 0 0 1 "car"
2 176 65 265 119 309 0 0 1 "car"
2 179 66 268 120 310 0 0 0 "car"
2 181 66 270 120 311 0 0 1 "car"
2 184 67 273 121 312 0 0 1 "car"
2 187 68 276 122 313 0 0 1 "car"
2 190 68 278 122 314 0 0 1 "car"
2 193 69 281 123 315 0 0 1 "car"
2 195 70 284 124 316 0 0 1 "car"
2 198 71 287 125 317 0 0 1 "car"
2 201 71 289 125 318 0 0 1 "car"
2 204 72 292 126 319 0 0 1 "car"
2 207 73 295 127 320 0 0 1 "car"
2 210 74 298 128 321 0 0 0 "car"
3 389 58 409 97 0 0 0 0 "skateboard"
3 388 58 408 97 1 0 0 1 "skateboard"
3 387 58 407 97 2 0 0 1 "skateboard"
3 387 58 407 97 3 0 0 1 "skateboard"
3 386 58 406 97 4 0 0 1 "skateboard"
3 385 58 405 97 5 0 0 1 "skateboard"
3 385 58 405 97 6 0 0 1 "skateboard"
3 384 58 404 97 7 0 0 1 "skateboard"
3 383 58 403 97 8 0 0 1 "skateboard"
3 383 58 403 97 9 0 0 1 "skateboard"
3 382 58 402 97 10 0 0 1 "skateboard"
3 381 58 401 97 11 0 0 1 "skateboard"
3 381 58 401 97 12 0 0 1 "skateboard"
3 380 58 400 97 13 0 0 1 "skateboard"
3 379 58 399 97 14 0 0 1 "skateboard"
3 379 58 399 97 15 0 0 1 "skateboard"
3 378 58 398 97 16 0 0 1 "skateboard"
3 377 58 397 97 17 0 0 1 "skateboard"
3 377 58 397 97 18 0 0 1 "skateboard"
3 376 58 396 97 19 0 0 1 "skateboard"
3 375 58 395 97 20 0 0 1 "skateboard"
3 375 58 395 97 21 0 0 1 "skateboard"
3 374 58 394 97 22 0 0 1 "skateboard"
3 373 58 393 97 23 0 0 1 "skateboard"
3 373 58 393 97 24 0 0 1 "skateboard"
3 372 58 392 97 25 0 0 1 "skateboard"
3 371 58 391 97 26 0 0 1 "skateboard"
3 371 58 391 97 27 0 0 1 "skateboard"
3 370 58 390 97 28 0 0 1 "skateboard"
3 369 58 389 97 29 0 0 1 "skateboard"
3 369 58 389 97 30 0 0 1 "skateboard"
3 368 58 388 97 31 0 0 1 "skateboard"
3 367 58 387 97 32 0 0 1 "skateboard"
3 367 58 387 97 33 0 0 1 "skateboard"
3 366 58 386 97 34 0 0 1 "skateboard"
3 365 58 385 97 35 0 0 1 "skateboard"
3 365 58 385 97 36 0 0 1 "skateboard"
3 364 58 384 97 37 0 0 1 "skateboard"
3 363 58 383 97 38 0 0 1 "skateboard"
3 363 58 383 97 39 0 0 1 "skateboard"
3 362 58 382 97 40 0 0 1 "skateboard"
3 361 58 381 97 41 0 0 1 "skateboard"
3 361 58 381 97 42 0 0 1 "skateboard"
3 360 58 380 97 43 0 0 1 "skateboard"
3 359 58 379 97 44 0 0 1 "skateboard"
3 359 58 379 97 45 0 0 1 "skateboard"
3 358 58 378 97 46 0 0 1 "skateboard"
3 357 58 377 97 47 0 0 1 "skateboard"
3 357 58 377 97 48 0 0 1 "skateboard"
3 356 58 376 97 49 0 0 1 "skateboard"
3 355 58 375 97 50 0 0 1 "skateboard"
3 355 58 375 97 51 0 0 1 "skateboard"
3 354 58 374 97 52 0 0 1 "skateboard"
3 353 58 373 97 53 0 0 1 "skateboard"
3 353 58 373 97 54 0 0 1 "skateboard"
3 352 58 372 97 55 0 0 1 "skateboard"
3 351 58 371 97 56 0 0 1 "skateboard"
3 351 58 371 97 57 0 0 1 "skateboard"
3 350 58 370 97 58 0 0 1 "skateboard"
3 349 58 369 97 59 0 0 1 "skateboard"
3 349 58 369 97 60 0 0 1 "skateboard"
3 348 58 368 97 61 0 0 1 "skateboard"
3 347 58 367 97 62 0 0 1 "skateboard"
3 347 58 367 97 63 0 0 1 "skateboard"
3 346 58 366 97 64 0 0 1 "skateboard"
3 345 58 365 97 65 0 0 1 "skateboard"
3 345 58 365 97 66 0 0 1 "skateboard"
3 344 58 364 97 67 0 0 1 "skateboard"
3 343 58 363 97 68 0 0 1 "skateboard"
3 343 58 363 97 69 0 0 1 "skateboard"
3 342 58 362 97 70 0 0 1 "skateboard"
3 341 58 361 97 71 0 0 1 "skateboard"
3 341 58 361 97 72 0 0 1 "skateboard"
3 340 58 360 97 73 0 0 1 "skateboard"
3 339 58 359 97 74 0 0 1 "skateboard"
3 339 58 359 97 75 0 0 1 "skateboard"
3 338 58 358 97 76 0 0 1 "skateboard"
3 337 58 357 97 77 0 0 1 "skateboard"
3 337 58 357 97 78 0 0 1 "skateboard"
3 336 58 356 97 79 0 0 1 "skateboard"
3 335 58 355 97 80 0 0 1 "skateboard"
3 335 58 355 97 81 0 0 1 "skateboard"
3 334 58 354 97 82 0 0 1 "skateboard"
3 333 58 353 97 83 0 0 1 "skateboard"
3 333 58 353 97 84 0 0 1 "skateboard"
3 332 58 352 97 85 0 0 1 "skateboard"
3 331 58 351 97 86 0 0 1 "skateboard"
3 331 59 351 97 87 0 0 0 "skateboard"
3 330 58 350 96 88 0 0 1 "skateboard"
3 329 58 349 96 89 0 0 1 "skateboard"
3 329 58 349 96 90 0 0 1 "skateboard"
3 328 58 348 96 91 0 0 1 "skateboard"
3 328 58 348 96 92 0 0 1 "skateboard"
3 327 58 347 96 93 0 0 1 "skateboard"
3 327 58 347 96 94 0 0 1 "skateboard"
3 326 58 346 96 95 0 0 1 "skateboard"
3 326 58 346 96 96 0 0 1 "skateboard"
3 325 58 345 96 97 0 0 1 "skateboard"
3 325 57 345 95 98 0 0 1 "skateboard"
3 324 57 344 95 99 0 0 1 "skateboard"
3 323 57 343 95 100 0 0 1 "skateboard"
3 323 57 343 95 101 0 0 1 "skateboard"
3 322 57 342 95 102 0 0 1 "skateboard"
3 322 57 342 95 103 0 0 1 "skateboard"
3 321 57 341 95 104 0 0 1 "skateboard"
3 321 57 341 95 105 0 0 1 "skateboard"
3 320 57 340 95 106 0 0 1 "skateboard"
3 320 57 340 95 107 0 0 1 "skateboard"
3 319 56 339 95 108 0 0 1 "skateboard"
3 319 56 339 94 109 0 0 1 "skateboard"
3 318 56 338 94 110 0 0 1 "skateboard"
3 318 56 338 94 111 0 0 1 "skateboard"
3 317 56 337 94 112 0 0 1 "skateboard"
3 316 56 336 94 113 0 0 1 "skateboard"
3 316 56 336 94 114 0 0 1 "skateboard"
3 315 56 335 94 115 0 0 1 "skateboard"
3 315 56 335 94 116 0 0 1 "skateboard"
3 314 56 334 94 117 0 0 1 "skateboard"
3 314 55 334 94 118 0 0 1 "skateboard"
3 313 55 333 94 119 0 0 1 "skateboard"
3 313 55 333 93 120 0 0 1 "skateboard"
3 312 55 332 93 121 0 0 1 "skateboard"
3 312 55 332 93 122 0 0 1 "skateboard"
3 311 55 331 93 123 0 0 1 "skateboard"
3 311 55 331 93 124 0 0 1 "skateboard"
3 310 55 330 93 125 0 0 1 "skateboard"
3 309 55 329 93 126 0 0 1 "skateboard"
3 309 55 329 93 127 0 0 1 "skateboard"
3 308 54 328 93 128 0 0 1 "skateboard"
3 308 54 328 93 129 0 0 1 "skateboard"
3 307 54 327 92 130 0 0 1 "skateboard"
3 307 54 327 92 131 0 0 1 "skateboard"
3 306 54 326 92 132 0 0 1 "skateboard"
3 306 54 326 92 133 0 0 1 "skateboard"
3 305 54 325 92 134 0 0 1 "skateboard"
3 305 54 325 92 135 0 0 1 "skateboard"
3 304 54 324 92 136 0 0 1 "skateboard"
3 304 54 324 92 137 0 0 1 "skateboard"
3 303 53 323 92 138 0 0 1 "skateboard"
3 302 53 322 92 139 0 0 1 "skateboard"
3 302 53 322 92 140 0 0 1 "skateboard"
3 301 53 321 91 141 0 0 1 "skateboard"
3 301 53 321 91 142 0 0 1 "skateboard"
3 300 53 320 91 143 0 0 1 "skateboard"
3 300 53 320 91 144 0 0 1 "skateboard"
3 299 53 319 91 145 0 0 1 "skateboard"
3 299 53 319 91 146 0 0 1 "skateboard"
3 298 53 318 91 147 0 0 1 "skateboard"
3 298 52 318 91 148 0 0 1 "skateboard"
3 297 52 317 91 149 0 0 1 "skateboard"
3 296 52 316 91 150 0 0 1 "skateboard"
3 296 52 316 91 151 0 0 1 "skateboard"
3 295 52 315 90 152 0 0 1 "skateboard"
3 295 52 315 90 153 0 0 1 "skateboard"
3 294 52 314 90 154 0 0 1 "skateboard"
3 294 52 314 90 155 0 0 1 "skateboard"
3 293 52 313 90 156 0 0 1 "skateboard"
3 293 52 313 90 157 0 0 1 "skateboard"
3 292 51 312 90 158 0 0 1 "skateboard"
3 292 51 312 90 159 0 0 1 "skateboard"
3 291 51 311 90 160 0 0 1 "skateboard"
3 291 51 311 90 161 0 0 1 "skateboard"
3 290 51 310 90 162 0 0 1 "skateboard"
3 289 51 309 89 163 0 0 1 "skateboard"
3 289 51 309 89 164 0 0 1 "skateboard"
3 288 51 308 89 165 0 0 1 "skateboard"
3 288 51 308 89 166 0 0 1 "skateboard"
3 287 51 307 89 167 0 0 1 "skateboard"
3 287 50 307 89 168 0 0 1 "skateboard"
3 286 50 306 89 169 0 0 1 "skateboard"
3 286 50 306 89 170 0 0 1 "skateboard"
3 285 50 305 89 171 0 0 1 "skateboard"
3 285 50 305 89 172 0 0 1 "skateboard"
3 284 50 304 88 173 0 0 1 "skateboard"
3 284 50 304 88 174 0 0 1 "skateboard"
3 283 50 303 88 175 0 0 1 "skateboard"
3 282 50 302 88 176 0 0 1 "skateboard"
3 282 50 302 88 177 0 0 1 "skateboard"
3 281 49 301 88 178 0 0 1 "skateboard"
3 281 49 301 88 179 0 0 1 "skateboard"
3 280 49 300 88 180 0 0 1 "skateboard"
3 280 49 300 88 181 0 0 1 "skateboard"
3 279 49 299 88 182 0 0 1 "skateboard"
3 279 49 299 88 183 0 0 1 "skateboard"
3 278 49 298 87 184 0 0 1 "skateboard"
3 278 49 298 87 185 0 0 1 "skateboard"
3 277 49 297 87 186 0 0 1 "skateboard"
3 277 49 297 87 187 0 0 1 "skateboard"
3 276 48 296 87 188 0 0 1 "skateboard"
3 275 48 295 87 189 0 0 1 "skateboard"
3 275 48 295 87 190 0 0 1 "skateboard"
3 274 48 294 87 191 0 0 1 "skateboard"
3 274 48 294 87 192 0 0 1 "skateboard"
3 273 48 293 87 193 0 0 1 "skateboard"
3 273 48 293 87 194 0 0 1 "skateboard"
3 272 48 292 86 195 0 0 1 "skateboard"
3 272 48 292 86 196 0 0 1 "skateboard"
3 271 48 291 86 197 0 0 1 "skateboard"
3 271 47 291 86 198 0 0 1 "skateboard"
3 270 47 290 86 199 0 0 1 "skateboard"
3 269 47 289 86 200 0 0 1 "skateboard"
3 269 47 289 86 201 0 0 1 "skateboard"
3 268 47 288 86 202 0 0 1 "skateboard"
3 268 47 288 86 203 0 0 1 "skateboard"
3 267 47 287 86 204 0 0 1 "skateboard"
3 267 47 287 85 205 0 0 1 "skateboard"
3 266 47 286 85 206 0 0 1 "skateboard"
3 266 47 286 85 207 0 0 1 "skateboard"
3 265 46 285 85 208 0 0 1 "skateboard"
3 265 46 285 85 209 0 0 1 "skateboard"
3 264 46 284 85 210 0 0 1 "skateboard"
3 264 46 284 85 211 0 0 1 "skateboard"
3 263 46 283 85 212 0 0 1 "skateboard"
3 262 46 282 85 213 0 0 1 "skateboard"
3 262 46 282 85 214 0 0 1 "skateboard"
3 261 46 281 85 215 0 0 1 "skateboard"
3 261 46 281 84 216 0 0 1 "skateboard"
3 260 46 280 84 217 0 0 1 "skateboard"
3 260 45 280 84 218 0 0 1 "skateboard"
3 259 45 279 84 219 0 0 1 "skateboard"
3 259 45 279 84 220 0 0 1 "skateboard"
3 258 45 278 84 221 0 0 1 "skateboard"
3 258 45 278 84 222 0 0 1 "skateboard"
3 257 45 277 84 223 0 0 1 "skateboard"
3 257 45 277 84 224 0 0 1 "skateboard"
3 256 45 276 84 225 0 0 1 "skateboard"
3 255 45 275 84 226 0 0 1 "skateboard"
3 255 45 275 83 227 0 0 1 "skateboard"
3 254 44 274 83 228 0 0 1 "skateboard"
3 254 44 274 83 229 0 0 1 "skateboard"
3 253 44 273 83 230 0 0 1 "skateboard"
3 253 44 273 83 231 0 0 1 "skateboard"
3 252 44 272 83 232 0 0 1 "skateboard"
3 252 44 272 83 233 0 0 1 "skateboard"
3 251 44 271 83 234 0 0 1 "skateboard"
3 251 44 271 83 235 0 0 1 "skateboard"
3 250 44 270 83 236 0 0 1 "skateboard"
3 250 44 270 83 237 0 0 0 "skateboard"
3 249 43 269 82 238 0 0 1 "skateboard"
3 249 43 269 82 239 0 0 1 "skateboard"
3 248 43 268 82 240 0 0 1 "skateboard"
3 248 43 268 82 241 0 0 1 "skateboard"
3 247 43 267 82 242 0 0 1 "skateboard"
3 247 43 267 82 243 0 0 1 "skateboard"
3 247 43 267 82 244 0 0 1 "skateboard"
3 246 43 266 82 245 0 0 1 "skateboard"
3 246 43 266 82 246 0 0 1 "skateboard"
3 245 43 265 81 247 0 0 1 "skateboard"
3 245 42 265 81 248 0 0 1 "skateboard"
3 245 42 265 81 249 0 0 1 "skateboard"
3 244 42 264 81 250 0 0 1 "skateboard"
3 244 42 264 81 251 0 0 1 "skateboard"
3 243 42 263 81 252 0 0 1 "skateboard"
3 243 42 263 81 253 0 0 1 "skateboard"
3 242 42 263 81 254 0 0 1 "skateboard"
3 242 42 262 81 255 0 0 1 "skateboard"
3 242 42 262 80 256 0 0 1 "skateboard"
3 241 42 261 80 257 0 0 1 "skateboard"
3 241 42 261 80 258 0 0 1 "skateboard"
3 240 41 261 80 259 0 0 1 "skateboard"
3 240 41 260 80 260 0 0 1 "skateboard"
3 240 41 260 80 261 0 0 1 "skateboard"
3 239 41 259 80 262 0 0 1 "skateboard"
3 239 41 259 80 263 0 0 1 "skateboard"
3 238 41 259 80 264 0 0 1 "skateboard"
3 238 41 258 80 265 0 0 1 "skateboard"
3 237 41 258 79 266 0 0 1 "skateboard"
3 237 41 257 79 267 0 0 1 "skateboard"
3 237 41 257 79 268 0 0 1 "skateboard"
3 236 40 257 79 269 0 0 1 "skateboard"
3 236 40 256 79 270 0 0 1 "skateboard"
3 235 40 256 79 271 0 0 1 "skateboard"
3 235 40 255 79 272 0 0 1 "skateboard"
3 235 40 255 79 273 0 0 1 "skateboard"
3 234 40 255 79 274 0 0 1 "skateboard"
3 234 40 254 78 275 0 0 1 "skateboard"
3 233 40 254 78 276 0 0 1 "skateboard"
3 233 40 253 78 277 0 0 1 "skateboard"
3 232 40 253 78 278 0 0 1 "skateboard"
3 232 40 253 78 279 0 0 1 "skateboard"
3 232 39 252 78 280 0 0 1 "skateboard"
3 231 39 252 78 281 0 0 1 "skateboard"
3 231 39 251 78 282 0 0 1 "skateboard"
3 230 39 251 78 283 0 0 1 "skateboard"
3 230 39 250 77 284 0 0 1 "skateboard"
3 230 39 250 77 285 0 0 1 "skateboard"
3 229 39 250 77 286 0 0 1 "skateboard"
3 229 39 249 77 287 0 0 1 "skateboard"
3 228 39 249 77 288 0 0 1 "skateboard"
3 228 39 248 77 289 0 0 1 "skateboard"
3 227 38 248 77 290 0 0 1 "skateboard"
3 227 38 248 77 291 0 0 1 "skateboard"
3 227 38 247 77 292 0 0 1 "skateboard"
3 226 38 247 77 293 0 0 1 "skateboard"
3 226 38 246 76 294 0 0 1 "skateboard"
3 225 38 246 76 295 0 0 1 "skateboard"
3 225 38 246 76 296 0 0 1 "skateboard"
3 225 38 245 76 297 0 0 1 "skateboard"
3 224 38 245 76 298 0 0 1 "skateboard"
3 224 38 244 76 299 0 0 1 "skateboard"
3 223 38 244 76 300 0 0 1 "skateboard"
3 223 37 244 76 301 0 0 1 "skateboard"
3 222 37 243 76 302 0 0 1 "skateboard"
3 222 37 243 75 303 0 0 1 "skateboard"
3 222 37 242 75 304 0 0 1 "skateboard"
3 221 37 242 75 305 0 0 1 "skateboard"
3 221 37 242 75 306 0 0 1 "skateboard"
3 220 37 241 75 307 0 0 1 "skateboard"
3 220 37 241 75 308 0 0 1 "skateboard"
3 220 37 240 75 309 0 0 1 "skateboard"
3 219 37 240 75 310 0 0 1 "skateboard"
3 219 36 240 75 311 0 0 1 "skateboard"
3 218 36 239 74 312 0 0 1 "skateboard"
3 218 36 239 74 313 0 0 1 "skateboard"
3 217 36 238 74 314 0 0 1 "skateboard"
3 217 36 238 74 315 0 0 1 "skateboard"
3 217 36 238 74 316 0 0 1 "skateboard"
3 216 36 237 74 317 0 0 1 "skateboard"
3 216 36 237 74 318 0 0 1 "skateboard"
3 215 36 236 74 319 0 0 1 "skateboard"
3 215 36 236 74 320 0 0 1 "skateboard"
3 215 36 236 74 321 0 0 0 "skateboard"
4 488 91 506 129 0 1 0 0 "skateboard"
4 488 91 506 129 1 1 0 1 "skateboard"
4 488 91 506 129 2 1 0 1 "skateboard"
4 488 91 506 129 3 1 0 1 "skateboard"
4 488 91 506 129 4 1 0 1 "skateboard"
4 488 91 506 129 5 1 0 1 "skateboard"
4 488 91 506 129 6 1 0 1 "skateboard"
4 488 91 506 129 7 1 0 1 "skateboard"
4 488 91 506 129 8 1 0 1 "skateboard"
4 488 91 506 129 9 1 0 1 "skateboard"
4 488 91 506 129 10 1 0 1 "skateboard"
4 488 91 506 129 11 1 0 1 "skateboard"
4 488 91 506 129 12 1 0 1 "skateboard"
4 488 91 506 129 13 1 0 1 "skateboard"
4 488 91 506 129 14 1 0 1 "skateboard"
4 488 91 506 129 15 1 0 1 "skateboard"
4 488 91 506 129 16 1 0 1 "skateboard"
4 488 91 506 129 17 1 0 1 "skateboard"
4 488 91 506 129 18 1 0 1 "skateboard"
4 488 91 506 129 19 1 0 1 "skateboard"
4 488 91 506 129 20 1 0 1 "skateboard"
4 488 91 506 129 21 1 0 1 "skateboard"
4 488 91 506 129 22 1 0 1 "skateboard"
4 488 91 506 129 23 1 0 1 "skateboard"
4 488 91 506 129 24 1 0 1 "skateboard"
4 488 91 506 129 25 1 0 1 "skateboard"
4 488 91 506 129 26 1 0 1 "skateboard"
4 488 91 506 129 27 1 0 1 "skateboard"
4 488 91 506 129 28 1 0 1 "skateboard"
4 488 91 506 129 29 1 0 1 "skateboard"
4 488 91 506 129 30 1 0 1 "skateboard"
4 488 91 506 129 31 1 0 1 "skateboard"
4 488 91 506 129 32 1 0 1 "skateboard"
4 488 91 506 129 33 1 0 1 "skateboard"
4 488 91 506 129 34 1 0 1 "skateboard"
4 488 91 506 129 35 1 0 1 "skateboard"
4 488 91 506 129 36 1 0 1 "skateboard"
4 488 91 506 129 37 1 0 1 "skateboard"
4 488 91 506 129 38 1 0 1 "skateboard"
4 488 91 506 129 39 1 0 1 "skateboard"
4 488 91 506 129 40 1 0 1 "skateboard"
4 488 91 506 129 41 1 0 1 "skateboard"
4 488 91 506 129 42 1 0 1 "skateboard"
4 488 91 506 129 43 1 0 1 "skateboard"
4 488 91 506 129 44 1 0 1 "skateboard"
4 488 91 506 129 45 1 0 1 "skateboard"
4 488 91 506 129 46 1 0 1 "skateboard"
4 488 91 506 129 47 1 0 1 "skateboard"
4 488 91 506 129 48 1 0 1 "skateboard"
4 488 91 506 129 49 1 0 1 "skateboard"
4 488 91 506 129 50 1 0 1 "skateboard"
4 488 91 506 129 51 1 0 1 "skateboard"
4 488 91 506 129 52 1 0 1 "skateboard"
4 488 91 506 129 53 1 0 1 "skateboard"
4 488 91 506 129 54 1 0 1 "skateboard"
4 488 91 506 129 55 1 0 1 "skateboard"
4 488 91 506 129 56 1 0 1 "skateboard"
4 488 91 506 129 57 1 0 1 "skateboard"
4 488 91 506 129 58 0 0 0 "skateboard"
4 487 90 505 128 59 0 0 1 "skateboard"
4 487 90 505 128 60 0 0 1 "skateboard"
4 486 90 504 128 61 0 0 1 "skateboard"
4 486 90 504 128 62 0 0 1 "skateboard"
4 485 90 503 128 63 0 0 1 "skateboard"
4 485 90 503 128 64 0 0 1 "skateboard"
4 484 90 502 128 65 0 0 1 "skateboard"
4 484 90 502 128 66 0 0 1 "skateboard"
4 483 90 501 128 67 0 0 1 "skateboard"
4 483 90 501 128 68 0 0 1 "skateboard"
4 482 90 500 127 69 0 0 1 "skateboard"
4 482 89 500 127 70 0 0 1 "skateboard"
4 481 89 499 127 71 0 0 1 "skateboard"
4 481 89 499 127 72 0 0 1 "skateboard"
4 480 89 498 127 73 0 0 1 "skateboard"
4 480 89 498 127 74 0 0 1 "skateboard"
4 479 89 497 127 75 0 0 1 "skateboard"
4 479 89 497 127 76 0 0 1 "skateboard"
4 478 89 496 127 77 0 0 1 "skateboard"
4 478 89 496 127 78 0 0 1 "skateboard"
4 477 89 495 127 79 0 0 1 "skateboard"
4 477 89 495 126 80 0 0 1 "skateboard"
4 476 88 494 126 81 0 0 1 "skateboard"
4 476 88 494 126 82 0 0 1 "skateboard"
4 475 88 493 126 83 0 0 1 "skateboard"
4 475 88 493 126 84 0 0 1 "skateboard"
4 474 88 492 126 85 0 0 1 "skateboard"
4 474 88 492 126 86 0 0 1 "skateboard"
4 473 88 491 126 87 0 0 1 "skateboard"
4 473 88 491 126 88 0 0 1 "skateboard"
4 472 88 490 126 89 0 0 1 "skateboard"
4 472 88 490 126 90 0 0 1 "skateboard"
4 471 88 489 125 91 0 0 1 "skateboard"
4 471 88 489 125 92 0 0 1 "skateboard"
4 470 87 488 125 93 0 0 1 "skateboard"
4 470 87 488 125 94 0 0 1 "skateboard"
4 470 87 488 125 95 0 0 1 "skateboard"
4 469 87 487 125 96 0 0 1 "skateboard"
4 469 87 487 125 97 0 0 1 "skateboard"
4 468 87 486 125 98 0 0 1 "skateboard"
4 468 87 486 125 99 0 0 1 "skateboard"
4 467 87 485 125 100 0 0 1 "skateboard"
4 467 87 485 125 101 0 0 1 "skateboard"
4 466 87 484 124 102 0 0 1 "skateboard"
4 466 87 484 124 103 0 0 1 "skateboard"
4 465 86 483 124 104 0 0 1 "skateboard"
4 465 86 483 124 105 0 0 1 "skateboard"
4 464 86 482 124 106 0 0 1 "skateboard"
4 464 86 482 124 107 0 0 1 "skateboard"
4 463 86 481 124 108 0 0 1 "skateboard"
4 463 86 481 124 109 0 0 1 "skateboard"
4 462 86 480 124 110 0 0 1 "skateboard"
4 462 86 480 124 111 0 0 1 "skateboard"
4 461 86 479 124 112 0 0 1 "skateboard"
4 461 86 479 123 113 0 0 1 "skateboard"
4 460 86 478 123 114 0 0 1 "skateboard"
4 460 85 478 123 115 0 0 1 "skateboard"
4 459 85 477 123 116 0 0 1 "skateboard"
4 459 85 477 123 117 0 0 1 "skateboard"
4 458 85 476 123 118 0 0 1 "skateboard"
4 458 85 476 123 119 0 0 1 "skateboard"
4 457 85 475 123 120 0 0 1 "skateboard"
4 457 85 475 123 121 0 0 1 "skateboard"
4 456 85 474 123 122 0 0 1 "skateboard"
4 456 85 474 122 123 0 0 1 "skateboard"
4 455 85 473 122 124 0 0 1 "skateboard"
4 455 85 473 122 125 0 0 1 "skateboard"
4 454 85 472 122 126 0 0 1 "skateboard"
4 454 84 472 122 127 0 0 1 "skateboard"
4 453 84 471 122 128 0 0 1 "skateboard"
4 453 84 471 122 129 0 0 1 "skateboard"
4 453 84 471 122 130 0 0 1 "skateboard"
4 452 84 470 122 131 0 0 1 "skateboard"
4 452 84 470 122 132 0 0 1 "skateboard"
4 451 84 469 122 133 0 0 1 "skateboard"
4 451 84 469 121 134 0 0 1 "skateboard"
4 450 84 468 121 135 0 0 1 "skateboard"
4 450 84 468 121 136 0 0 1 "skateboard"
4 449 84 467 121 137 0 0 1 "skateboard"
4 449 83 467 121 138 0 0 1 "skateboard"
4 448 83 466 121 139 0 0 1 "skateboard"
4 448 83 466 121 140 0 0 1 "skateboard"
4 447 83 465 121 141 0 0 1 "skateboard"
4 447 83 465 121 142 0 0 1 "skateboard"
4 446 83 464 121 143 0 0 1 "skateboard"
4 446 83 464 121 144 0 0 1 "skateboard"
4 445 83 463 120 145 0 0 1 "skateboard"
4 445 83 463 120 146 0 0 1 "skateboard"
4 444 83 462 120 147 0 0 1 "skateboard"
4 444 83 462 120 148 0 0 1 "skateboard"
4 443 82 461 120 149 0 0 1 "skateboard"
4 443 82 461 120 150 0 0 1 "skateboard"
4 442 82 460 120 151 0 0 1 "skateboard"
4 442 82 460 120 152 0 0 1 "skateboard"
4 441 82 459 120 153 0 0 1 "skateboard"
4 441 82 459 120 154 0 0 1 "skateboard"
4 440 82 458 120 155 0 0 1 "skateboard"
4 440 82 458 119 156 0 0 1 "skateboard"
4 439 82 457 119 157 0 0 1 "skateboard"
4 439 82 457 119 158 0 0 1 "skateboard"
4 438 82 456 119 159 0 0 1 "skateboard"
4 438 82 456 119 160 0 0 1 "skateboard"
4 437 81 455 119 161 0 0 1 "skateboard"
4 437 81 455 119 162 0 0 1 "skateboard"
4 436 81 454 119 163 0 0 1 "skateboard"
4 436 81 454 119 164 0 0 1 "skateboard"
4 435 81 453 119 165 0 0 1 "skateboard"
4 435 81 453 119 166 0 0 1 "skateboard"
4 435 81 453 118 167 0 0 1 "skateboard"
4 434 81 452 118 168 0 0 1 "skateboard"
4 434 81 452 118 169 0 0 1 "skateboard"
4 433 81 451 118 170 0 0 1 "skateboard"
4 433 81 451 118 171 0 0 1 "skateboard"
4 432 80 450 118 172 0 0 1 "skateboard"
4 432 80 450 118 173 0 0 1 "skateboard"
4 431 80 449 118 174 0 0 1 "skateboard"
4 431 80 449 118 175 0 0 1 "skateboard"
4 430 80 448 118 176 0 0 1 "skateboard"
4 430 80 448 117 177 0 0 1 "skateboard"
4 429 80 447 117 178 0 0 1 "skateboard"
4 429 80 447 117 179 0 0 1 "skateboard"
4 428 80 446 117 180 0 0 1 "skateboard"
4 428 80 446 117 181 0 0 1 "skateboard"
4 427 80 445 117 182 0 0 1 "skateboard"
4 427 80 445 117 183 0 0 1 "skateboard"
4 426 79 444 117 184 0 0 1 "skateboard"
4 426 79 444 117 185 0 0 1 "skateboard"
4 425 79 443 117 186 0 0 1 "skateboard"
4 425 79 443 117 187 0 0 1 "skateboard"
4 424 79 442 116 188 0 0 1 "skateboard"
4 424 79 442 116 189 0 0 1 "skateboard"
4 423 79 441 116 190 0 0 1 "skateboard"
4 423 79 441 116 191 0 0 1 "skateboard"
4 422 79 440 116 192 0 0 1 "skateboard"
4 422 79 440 116 193 0 0 1 "skateboard"
4 421 79 439 116 194 0 0 1 "skateboard"
4 421 78 439 116 195 0 0 1 "skateboard"
4 420 78 438 116 196 0 0 1 "skateboard"
4 420 78 438 116 197 0 0 1 "skateboard"
4 419 78 437 116 198 0 0 1 "skateboard"
4 419 78 437 115 199 0 0 1 "skateboard"
4 418 78 436 115 200 0 0 1 "skateboard"
4 418 78 436 115 201 0 0 1 "skateboard"
4 418 78 436 115 202 0 0 1 "skateboard"
4 417 78 435 115 203 0 0 1 "skateboard"
4 417 78 435 115 204 0 0 1 "skateboard"
4 416 78 434 115 205 0 0 1 "skateboard"
4 416 77 434 115 206 0 0 1 "skateboard"
4 415 77 433 115 207 0 0 1 "skateboard"
4 415 77 433 115 208 0 0 1 "skateboard"
4 414 77 432 115 209 0 0 1 "skateboard"
4 414 77 432 114 210 0 0 1 "skateboard"
4 413 77 431 114 211 0 0 1 "skateboard"
4 413 77 431 114 212 0 0 1 "skateboard"
4 412 77 430 114 213 0 0 1 "skateboard"
4 412 77 430 114 214 0 0 1 "skateboard"
4 411 77 429 114 215 0 0 1 "skateboard"
4 411 77 429 114 216 0 0 1 "skateboard"
4 410 77 428 114 217 0 0 1 "skateboard"
4 410 76 428 114 218 0 0 1 "skateboard"
4 409 76 427 114 219 0 0 1 "skateboard"
4 409 76 427 114 220 0 0 1 "skateboard"
4 408 76 426 113 221 0 0 1 "skateboard"
4 408 76 426 113 222 0 0 1 "skateboard"
4 407 76 425 113 223 0 0 1 "skateboard"
4 407 76 425 113 224 0 0 1 "skateboard"
4 406 76 424 113 225 0 0 1 "skateboard"
4 406 76 424 113 226 0 0 1 "skateboard"
4 405 76 423 113 227 0 0 1 "skateboard"
4 405 76 423 113 228 0 0 1 "skateboard"
4 404 75 422 113 229 0 0 1 "skateboard"
4 404 75 422 113 230 0 0 1 "skateboard"
4 403 75 421 112 231 0 0 1 "skateboard"
4 403 75 421 112 232 0 0 1 "skateboard"
4 402 75 420 112 233 0 0 1 "skateboard"
4 402 75 420 112 234 0 0 1 "skateboard"
4 401 75 419 112 235 0 0 1 "skateboard"
4 401 75 419 112 236 0 0 1 "skateboard"
4 400 75 418 112 237 0 0 1 "skateboard"
4 400 75 418 112 238 0 0 1 "skateboard"
4 400 75 418 112 239 0 0 1 "skateboard"
4 399 74 417 112 240 0 0 1 "skateboard"
4 399 74 417 112 241 0 0 1 "skateboard"
4 398 74 416 111 242 0 0 1 "skateboard"
4 398 74 416 111 243 0 0 1 "skateboard"
4 397 74 415 111 244 0 0 1 "skateboard"
4 397 74 415 111 245 0 0 1 "skateboard"
4 396 74 414 111 246 0 0 1 "skateboard"
4 396 74 414 111 247 0 0 1 "skateboard"
4 395 74 413 111 248 0 0 1 "skateboard"
4 395 74 413 111 249 0 0 1 "skateboard"
4 394 74 412 111 250 0 0 1 "skateboard"
4 394 74 412 111 251 0 0 1 "skateboard"
4 393 73 411 111 252 0 0 1 "skateboard"
4 393 73 411 110 253 0 0 1 "skateboard"
4 392 73 410 110 254 0 0 1 "skateboard"
4 392 73 410 110 255 0 0 1 "skateboard"
4 391 73 409 110 256 0 0 1 "skateboard"
4 391 73 409 110 257 0 0 1 "skateboard"
4 390 73 408 110 258 0 0 1 "skateboard"
4 390 73 408 110 259 0 0 1 "skateboard"
4 389 73 407 110 260 0 0 1 "skateboard"
4 389 73 407 110 261 0 0 1 "skateboard"
4 388 73 406 110 262 0 0 1 "skateboard"
4 388 72 406 110 263 0 0 1 "skateboard"
4 387 72 405 109 264 0 0 1 "skateboard"
4 387 72 405 109 265 0 0 1 "skateboard"
4 386 72 404 109 266 0 0 1 "skateboard"
4 386 72 404 109 267 0 0 1 "skateboard"
4 385 72 403 109 268 0 0 1 "skateboard"
4 385 72 403 109 269 0 0 1 "skateboard"
4 384 72 402 109 270 0 0 1 "skateboard"
4 384 72 402 109 271 0 0 1 "skateboard"
4 383 72 401 109 272 0 0 1 "skateboard"
4 383 72 401 109 273 0 0 1 "skateboard"
4 383 72 401 109 274 0 0 0 "skateboard"
4 382 71 400 108 275 0 0 1 "skateboard"
4 382 71 400 108 276 0 0 1 "skateboard"
4 381 71 399 108 277 0 0 1 "skateboard"
4 381 71 399 108 278 0 0 1 "skateboard"
4 380 71 398 108 279 0 0 1 "skateboard"
4 380 70 398 107 280 0 0 1 "skateboard"
4 379 70 397 107 281 0 0 1 "skateboard"
4 379 70 397 107 282 0 0 1 "skateboard"
4 378 70 396 107 283 0 0 1 "skateboard"
4 378 70 396 107 284 0 0 1 "skateboard"
4 377 69 395 106 285 0 0 1 "skateboard"
4 377 69 395 106 286 0 0 1 "skateboard"
4 376 69 394 106 287 0 0 1 "skateboard"
4 376 69 394 106 288 0 0 1 "skateboard"
4 375 69 393 106 289 0 0 1 "skateboard"
4 375 68 393 105 290 0 0 1 "skateboard"
4 374 68 392 105 291 0 0 1 "skateboard"
4 374 68 392 105 292 0 0 1 "skateboard"
4 373 68 391 105 293 0 0 1 "skateboard"
4 373 68 391 105 294 0 0 1 "skateboard"
4 372 67 390 104 295 0 0 1 "skateboard"
4 372 67 390 104 296 0 0 1 "skateboard"
4 371 67 389 104 297 0 0 1 "skateboard"
4 371 67 389 104 298 0 0 1 "skateboard"
4 370 67 388 104 299 0 0 1 "skateboard"
4 370 66 388 103 300 0 0 1 "skateboard"
4 369 66 387 103 301 0 0 1 "skateboard"
4 369 66 387 103 302 0 0 1 "skateboard"
4 368 66 386 103 303 0 0 1 "skateboard"
4 368 66 386 103 304 0 0 1 "skateboard"
4 367 65 385 102 305 0 0 1 "skateboard"
4 367 65 385 102 306 0 0 1 "skateboard"
4 366 65 384 102 307 0 0 1 "skateboard"
4 366 65 384 102 308 0 0 1 "skateboard"
4 365 65 383 102 309 0 0 1 "skateboard"
4 365 64 383 101 310 0 0 1 "skateboard"
4 364 64 382 101 311 0 0 1 "skateboard"
4 364 64 382 101 312 0 0 1 "skateboard"
4 363 64 381 101 313 0 0 1 "skateboard"
4 363 64 381 101 314 0 0 1 "skateboard"
4 363 64 381 101 315 0 0 0 "skateboard"
4 383 68 401 105 316 0 0 1 "skateboard"
4 404 73 422 110 317 0 0 1 "skateboard"
4 425 77 443 115 318 0 0 1 "skateboard"
4 446 82 464 119 319 0 0 1 "skateboard"
4 467 86 485 124 320 0 0 1 "skateboard"
4 488 91 506 129 321 0 0 0 "skateboard"
